"run","LIATFluBSpecificity","UsePathFinding","COVIDVaccineStatusfullyvaccinated","RecentCovidContactYes","FluBVaccineStatuspartiallyvaccinated","COVIDInfectionStatusSymptomatic","admissionRouteElectiveattendance","LabPCRFluASpecificity","LFDFluBSensitivity","LIATCOVIDSpecificity","LFDFluBSpecificity","LIATFluASpecificity","FluBInfectionStatusAsymptomatic","ImmunocompromisedNo","LFDCOVIDSpecificity","COVIDInfectionStatusSusceptible","FluAInfectionStatusSymptomatic","admissionRouteEmergencyAttendance","SecondsPerTick","PHEThreeAltCOVIDSensitivity","LabPCRCOVIDSpecificity","LFDFluASpecificity","COVIDVaccineStatuspartiallyvaccinated","FluBInfectionStatusSusceptible","LabPCRFluBSensitivity","FluBVaccineStatusUnvaccinated","COVIDInfectionStatusAsymptomatic","COVIDVaccineStatusUnvaccinated","FluBInfectionStatusSymptomatic","LIATFluBSensitivity","FluAVaccineStatusUnvaccinated","PHEThreeAltCOVIDSpecificity","FluAVaccineStatuspartiallyvaccinated","FluBVaccineStatusfullyvaccinated","FluAInfectionStatusAsymptomatic","LIATCOVIDSensitivity","FluAInfectionStatusSusceptible","LabPCRFluASensitivity","randomSeed","LabPCRFluBSpecificity","LFDCOVIDSensitivity","RecentCovidContactNo","FluAVaccineStatusfullyvaccinated","LFDFluASensitivity","ImmunocompromisedYes","LIATFluASensitivity","LabPCRCOVIDSensitivity"
1,100.0,"false",88.0,5.0,0.0,10.0,100.0,100.0,93.0,100.0,98.0,100.0,2.0,95.0,99.0,80.0,3.0,100.0,60,95.40699654724449,100.0,95.0,2.0,95.0,100.0,80.0,10.0,10.0,3.0,100.0,80.0,96.99360911967233,0.0,20.0,2.0,100.0,95.0,100.0,-98030896,100.0,70.0,95.0,20.0,88.0,5.0,100.0,100.0
2,100.0,"false",88.0,5.0,0.0,10.0,100.0,100.0,93.0,100.0,98.0,100.0,2.0,95.0,99.0,80.0,3.0,100.0,60,95.40699654724449,100.0,95.0,2.0,95.0,100.0,80.0,10.0,10.0,3.0,100.0,80.0,96.99360911967233,0.0,20.0,2.0,100.0,95.0,100.0,56710026,100.0,70.0,95.0,20.0,88.0,5.0,100.0,100.0
3,100.0,"false",88.0,5.0,0.0,10.0,100.0,100.0,93.0,100.0,98.0,100.0,2.0,95.0,99.0,80.0,3.0,100.0,60,95.40699654724449,100.0,95.0,2.0,95.0,100.0,80.0,10.0,10.0,3.0,100.0,80.0,96.99360911967233,0.0,20.0,2.0,100.0,95.0,100.0,80990401,100.0,70.0,95.0,20.0,88.0,5.0,100.0,100.0
4,100.0,"false",88.0,5.0,0.0,10.0,100.0,100.0,93.0,100.0,98.0,100.0,2.0,95.0,99.0,80.0,3.0,100.0,60,95.40699654724449,100.0,95.0,2.0,95.0,100.0,80.0,10.0,10.0,3.0,100.0,80.0,96.99360911967233,0.0,20.0,2.0,100.0,95.0,100.0,95292825,100.0,70.0,95.0,20.0,88.0,5.0,100.0,100.0
5,100.0,"false",88.0,5.0,0.0,10.0,100.0,100.0,93.0,100.0,98.0,100.0,2.0,95.0,99.0,80.0,3.0,100.0,60,95.40699654724449,100.0,95.0,2.0,95.0,100.0,80.0,10.0,10.0,3.0,100.0,80.0,96.99360911967233,0.0,20.0,2.0,100.0,95.0,100.0,60362283,100.0,70.0,95.0,20.0,88.0,5.0,100.0,100.0
6,100.0,"false",88.0,5.0,0.0,10.0,100.0,100.0,93.0,100.0,98.0,100.0,2.0,95.0,99.0,80.0,3.0,100.0,60,95.40699654724449,100.0,95.0,2.0,95.0,100.0,80.0,10.0,10.0,3.0,100.0,80.0,96.99360911967233,0.0,20.0,2.0,100.0,95.0,100.0,66217147,100.0,70.0,95.0,20.0,88.0,5.0,100.0,100.0
7,100.0,"false",88.0,5.0,0.0,10.0,100.0,100.0,93.0,100.0,98.0,100.0,2.0,95.0,99.0,80.0,3.0,100.0,60,95.40699654724449,100.0,95.0,2.0,95.0,100.0,80.0,10.0,10.0,3.0,100.0,80.0,96.99360911967233,0.0,20.0,2.0,100.0,95.0,100.0,9554980,100.0,70.0,95.0,20.0,88.0,5.0,100.0,100.0
8,100.0,"false",88.0,5.0,0.0,10.0,100.0,100.0,93.0,100.0,98.0,100.0,2.0,95.0,99.0,80.0,3.0,100.0,60,95.40699654724449,100.0,95.0,2.0,95.0,100.0,80.0,10.0,10.0,3.0,100.0,80.0,96.99360911967233,0.0,20.0,2.0,100.0,95.0,100.0,-21064851,100.0,70.0,95.0,20.0,88.0,5.0,100.0,100.0
9,100.0,"false",88.0,5.0,0.0,10.0,100.0,100.0,93.0,100.0,98.0,100.0,2.0,95.0,99.0,80.0,3.0,100.0,60,95.40699654724449,100.0,95.0,2.0,95.0,100.0,80.0,10.0,10.0,3.0,100.0,80.0,96.99360911967233,0.0,20.0,2.0,100.0,95.0,100.0,51264914,100.0,70.0,95.0,20.0,88.0,5.0,100.0,100.0
10,100.0,"false",88.0,5.0,0.0,10.0,100.0,100.0,93.0,100.0,98.0,100.0,2.0,95.0,99.0,80.0,3.0,100.0,60,95.40699654724449,100.0,95.0,2.0,95.0,100.0,80.0,10.0,10.0,3.0,100.0,80.0,96.99360911967233,0.0,20.0,2.0,100.0,95.0,100.0,-97866310,100.0,70.0,95.0,20.0,88.0,5.0,100.0,100.0
11,100.0,"false",88.0,5.0,0.0,10.0,100.0,100.0,93.0,100.0,98.0,100.0,2.0,95.0,99.0,80.0,3.0,100.0,60,95.78383868094534,100.0,95.0,2.0,95.0,100.0,80.0,10.0,10.0,3.0,100.0,80.0,96.86778112081811,0.0,20.0,2.0,100.0,95.0,100.0,-78308781,100.0,70.0,95.0,20.0,88.0,5.0,100.0,100.0
12,100.0,"false",88.0,5.0,0.0,10.0,100.0,100.0,93.0,100.0,98.0,100.0,2.0,95.0,99.0,80.0,3.0,100.0,60,95.78383868094534,100.0,95.0,2.0,95.0,100.0,80.0,10.0,10.0,3.0,100.0,80.0,96.86778112081811,0.0,20.0,2.0,100.0,95.0,100.0,-54093107,100.0,70.0,95.0,20.0,88.0,5.0,100.0,100.0
13,100.0,"false",88.0,5.0,0.0,10.0,100.0,100.0,93.0,100.0,98.0,100.0,2.0,95.0,99.0,80.0,3.0,100.0,60,95.78383868094534,100.0,95.0,2.0,95.0,100.0,80.0,10.0,10.0,3.0,100.0,80.0,96.86778112081811,0.0,20.0,2.0,100.0,95.0,100.0,54093993,100.0,70.0,95.0,20.0,88.0,5.0,100.0,100.0
14,100.0,"false",88.0,5.0,0.0,10.0,100.0,100.0,93.0,100.0,98.0,100.0,2.0,95.0,99.0,80.0,3.0,100.0,60,95.78383868094534,100.0,95.0,2.0,95.0,100.0,80.0,10.0,10.0,3.0,100.0,80.0,96.86778112081811,0.0,20.0,2.0,100.0,95.0,100.0,-47848959,100.0,70.0,95.0,20.0,88.0,5.0,100.0,100.0
15,100.0,"false",88.0,5.0,0.0,10.0,100.0,100.0,93.0,100.0,98.0,100.0,2.0,95.0,99.0,80.0,3.0,100.0,60,95.78383868094534,100.0,95.0,2.0,95.0,100.0,80.0,10.0,10.0,3.0,100.0,80.0,96.86778112081811,0.0,20.0,2.0,100.0,95.0,100.0,70103692,100.0,70.0,95.0,20.0,88.0,5.0,100.0,100.0
16,100.0,"false",88.0,5.0,0.0,10.0,100.0,100.0,93.0,100.0,98.0,100.0,2.0,95.0,99.0,80.0,3.0,100.0,60,95.78383868094534,100.0,95.0,2.0,95.0,100.0,80.0,10.0,10.0,3.0,100.0,80.0,96.86778112081811,0.0,20.0,2.0,100.0,95.0,100.0,90776931,100.0,70.0,95.0,20.0,88.0,5.0,100.0,100.0
17,100.0,"false",88.0,5.0,0.0,10.0,100.0,100.0,93.0,100.0,98.0,100.0,2.0,95.0,99.0,80.0,3.0,100.0,60,95.78383868094534,100.0,95.0,2.0,95.0,100.0,80.0,10.0,10.0,3.0,100.0,80.0,96.86778112081811,0.0,20.0,2.0,100.0,95.0,100.0,80620532,100.0,70.0,95.0,20.0,88.0,5.0,100.0,100.0
18,100.0,"false",88.0,5.0,0.0,10.0,100.0,100.0,93.0,100.0,98.0,100.0,2.0,95.0,99.0,80.0,3.0,100.0,60,95.78383868094534,100.0,95.0,2.0,95.0,100.0,80.0,10.0,10.0,3.0,100.0,80.0,96.86778112081811,0.0,20.0,2.0,100.0,95.0,100.0,-59705348,100.0,70.0,95.0,20.0,88.0,5.0,100.0,100.0
19,100.0,"false",88.0,5.0,0.0,10.0,100.0,100.0,93.0,100.0,98.0,100.0,2.0,95.0,99.0,80.0,3.0,100.0,60,95.78383868094534,100.0,95.0,2.0,95.0,100.0,80.0,10.0,10.0,3.0,100.0,80.0,96.86778112081811,0.0,20.0,2.0,100.0,95.0,100.0,-76221792,100.0,70.0,95.0,20.0,88.0,5.0,100.0,100.0
20,100.0,"false",88.0,5.0,0.0,10.0,100.0,100.0,93.0,100.0,98.0,100.0,2.0,95.0,99.0,80.0,3.0,100.0,60,95.78383868094534,100.0,95.0,2.0,95.0,100.0,80.0,10.0,10.0,3.0,100.0,80.0,96.86778112081811,0.0,20.0,2.0,100.0,95.0,100.0,-41982627,100.0,70.0,95.0,20.0,88.0,5.0,100.0,100.0
21,100.0,"false",88.0,5.0,0.0,10.0,100.0,100.0,93.0,100.0,98.0,100.0,2.0,95.0,99.0,80.0,3.0,100.0,60,97.03810621751472,100.0,95.0,2.0,95.0,100.0,80.0,10.0,10.0,3.0,100.0,80.0,91.53899504803121,0.0,20.0,2.0,100.0,95.0,100.0,-37508365,100.0,70.0,95.0,20.0,88.0,5.0,100.0,100.0
22,100.0,"false",88.0,5.0,0.0,10.0,100.0,100.0,93.0,100.0,98.0,100.0,2.0,95.0,99.0,80.0,3.0,100.0,60,97.03810621751472,100.0,95.0,2.0,95.0,100.0,80.0,10.0,10.0,3.0,100.0,80.0,91.53899504803121,0.0,20.0,2.0,100.0,95.0,100.0,9892260,100.0,70.0,95.0,20.0,88.0,5.0,100.0,100.0
23,100.0,"false",88.0,5.0,0.0,10.0,100.0,100.0,93.0,100.0,98.0,100.0,2.0,95.0,99.0,80.0,3.0,100.0,60,97.03810621751472,100.0,95.0,2.0,95.0,100.0,80.0,10.0,10.0,3.0,100.0,80.0,91.53899504803121,0.0,20.0,2.0,100.0,95.0,100.0,-32071901,100.0,70.0,95.0,20.0,88.0,5.0,100.0,100.0
24,100.0,"false",88.0,5.0,0.0,10.0,100.0,100.0,93.0,100.0,98.0,100.0,2.0,95.0,99.0,80.0,3.0,100.0,60,97.03810621751472,100.0,95.0,2.0,95.0,100.0,80.0,10.0,10.0,3.0,100.0,80.0,91.53899504803121,0.0,20.0,2.0,100.0,95.0,100.0,97680704,100.0,70.0,95.0,20.0,88.0,5.0,100.0,100.0
25,100.0,"false",88.0,5.0,0.0,10.0,100.0,100.0,93.0,100.0,98.0,100.0,2.0,95.0,99.0,80.0,3.0,100.0,60,97.03810621751472,100.0,95.0,2.0,95.0,100.0,80.0,10.0,10.0,3.0,100.0,80.0,91.53899504803121,0.0,20.0,2.0,100.0,95.0,100.0,-17055444,100.0,70.0,95.0,20.0,88.0,5.0,100.0,100.0
26,100.0,"false",88.0,5.0,0.0,10.0,100.0,100.0,93.0,100.0,98.0,100.0,2.0,95.0,99.0,80.0,3.0,100.0,60,97.03810621751472,100.0,95.0,2.0,95.0,100.0,80.0,10.0,10.0,3.0,100.0,80.0,91.53899504803121,0.0,20.0,2.0,100.0,95.0,100.0,33328739,100.0,70.0,95.0,20.0,88.0,5.0,100.0,100.0
27,100.0,"false",88.0,5.0,0.0,10.0,100.0,100.0,93.0,100.0,98.0,100.0,2.0,95.0,99.0,80.0,3.0,100.0,60,97.03810621751472,100.0,95.0,2.0,95.0,100.0,80.0,10.0,10.0,3.0,100.0,80.0,91.53899504803121,0.0,20.0,2.0,100.0,95.0,100.0,28138813,100.0,70.0,95.0,20.0,88.0,5.0,100.0,100.0
28,100.0,"false",88.0,5.0,0.0,10.0,100.0,100.0,93.0,100.0,98.0,100.0,2.0,95.0,99.0,80.0,3.0,100.0,60,97.03810621751472,100.0,95.0,2.0,95.0,100.0,80.0,10.0,10.0,3.0,100.0,80.0,91.53899504803121,0.0,20.0,2.0,100.0,95.0,100.0,-2699615,100.0,70.0,95.0,20.0,88.0,5.0,100.0,100.0
29,100.0,"false",88.0,5.0,0.0,10.0,100.0,100.0,93.0,100.0,98.0,100.0,2.0,95.0,99.0,80.0,3.0,100.0,60,97.03810621751472,100.0,95.0,2.0,95.0,100.0,80.0,10.0,10.0,3.0,100.0,80.0,91.53899504803121,0.0,20.0,2.0,100.0,95.0,100.0,-83795682,100.0,70.0,95.0,20.0,88.0,5.0,100.0,100.0
30,100.0,"false",88.0,5.0,0.0,10.0,100.0,100.0,93.0,100.0,98.0,100.0,2.0,95.0,99.0,80.0,3.0,100.0,60,97.03810621751472,100.0,95.0,2.0,95.0,100.0,80.0,10.0,10.0,3.0,100.0,80.0,91.53899504803121,0.0,20.0,2.0,100.0,95.0,100.0,95126841,100.0,70.0,95.0,20.0,88.0,5.0,100.0,100.0
31,100.0,"false",88.0,5.0,0.0,10.0,100.0,100.0,93.0,100.0,98.0,100.0,2.0,95.0,99.0,80.0,3.0,100.0,60,98.59835037961602,100.0,95.0,2.0,95.0,100.0,80.0,10.0,10.0,3.0,100.0,80.0,98.48399333888665,0.0,20.0,2.0,100.0,95.0,100.0,2457383,100.0,70.0,95.0,20.0,88.0,5.0,100.0,100.0
32,100.0,"false",88.0,5.0,0.0,10.0,100.0,100.0,93.0,100.0,98.0,100.0,2.0,95.0,99.0,80.0,3.0,100.0,60,98.59835037961602,100.0,95.0,2.0,95.0,100.0,80.0,10.0,10.0,3.0,100.0,80.0,98.48399333888665,0.0,20.0,2.0,100.0,95.0,100.0,-70735466,100.0,70.0,95.0,20.0,88.0,5.0,100.0,100.0
33,100.0,"false",88.0,5.0,0.0,10.0,100.0,100.0,93.0,100.0,98.0,100.0,2.0,95.0,99.0,80.0,3.0,100.0,60,98.59835037961602,100.0,95.0,2.0,95.0,100.0,80.0,10.0,10.0,3.0,100.0,80.0,98.48399333888665,0.0,20.0,2.0,100.0,95.0,100.0,59283034,100.0,70.0,95.0,20.0,88.0,5.0,100.0,100.0
34,100.0,"false",88.0,5.0,0.0,10.0,100.0,100.0,93.0,100.0,98.0,100.0,2.0,95.0,99.0,80.0,3.0,100.0,60,98.59835037961602,100.0,95.0,2.0,95.0,100.0,80.0,10.0,10.0,3.0,100.0,80.0,98.48399333888665,0.0,20.0,2.0,100.0,95.0,100.0,1504823,100.0,70.0,95.0,20.0,88.0,5.0,100.0,100.0
35,100.0,"false",88.0,5.0,0.0,10.0,100.0,100.0,93.0,100.0,98.0,100.0,2.0,95.0,99.0,80.0,3.0,100.0,60,98.59835037961602,100.0,95.0,2.0,95.0,100.0,80.0,10.0,10.0,3.0,100.0,80.0,98.48399333888665,0.0,20.0,2.0,100.0,95.0,100.0,84186817,100.0,70.0,95.0,20.0,88.0,5.0,100.0,100.0
36,100.0,"false",88.0,5.0,0.0,10.0,100.0,100.0,93.0,100.0,98.0,100.0,2.0,95.0,99.0,80.0,3.0,100.0,60,98.59835037961602,100.0,95.0,2.0,95.0,100.0,80.0,10.0,10.0,3.0,100.0,80.0,98.48399333888665,0.0,20.0,2.0,100.0,95.0,100.0,87509999,100.0,70.0,95.0,20.0,88.0,5.0,100.0,100.0
37,100.0,"false",88.0,5.0,0.0,10.0,100.0,100.0,93.0,100.0,98.0,100.0,2.0,95.0,99.0,80.0,3.0,100.0,60,98.59835037961602,100.0,95.0,2.0,95.0,100.0,80.0,10.0,10.0,3.0,100.0,80.0,98.48399333888665,0.0,20.0,2.0,100.0,95.0,100.0,90466155,100.0,70.0,95.0,20.0,88.0,5.0,100.0,100.0
38,100.0,"false",88.0,5.0,0.0,10.0,100.0,100.0,93.0,100.0,98.0,100.0,2.0,95.0,99.0,80.0,3.0,100.0,60,98.59835037961602,100.0,95.0,2.0,95.0,100.0,80.0,10.0,10.0,3.0,100.0,80.0,98.48399333888665,0.0,20.0,2.0,100.0,95.0,100.0,97853898,100.0,70.0,95.0,20.0,88.0,5.0,100.0,100.0
39,100.0,"false",88.0,5.0,0.0,10.0,100.0,100.0,93.0,100.0,98.0,100.0,2.0,95.0,99.0,80.0,3.0,100.0,60,98.59835037961602,100.0,95.0,2.0,95.0,100.0,80.0,10.0,10.0,3.0,100.0,80.0,98.48399333888665,0.0,20.0,2.0,100.0,95.0,100.0,-16092101,100.0,70.0,95.0,20.0,88.0,5.0,100.0,100.0
40,100.0,"false",88.0,5.0,0.0,10.0,100.0,100.0,93.0,100.0,98.0,100.0,2.0,95.0,99.0,80.0,3.0,100.0,60,98.59835037961602,100.0,95.0,2.0,95.0,100.0,80.0,10.0,10.0,3.0,100.0,80.0,98.48399333888665,0.0,20.0,2.0,100.0,95.0,100.0,-56427690,100.0,70.0,95.0,20.0,88.0,5.0,100.0,100.0
41,100.0,"false",88.0,5.0,0.0,10.0,100.0,100.0,93.0,100.0,98.0,100.0,2.0,95.0,99.0,80.0,3.0,100.0,60,99.09962002187967,100.0,95.0,2.0,95.0,100.0,80.0,10.0,10.0,3.0,100.0,80.0,91.21550769545138,0.0,20.0,2.0,100.0,95.0,100.0,96246206,100.0,70.0,95.0,20.0,88.0,5.0,100.0,100.0
42,100.0,"false",88.0,5.0,0.0,10.0,100.0,100.0,93.0,100.0,98.0,100.0,2.0,95.0,99.0,80.0,3.0,100.0,60,99.09962002187967,100.0,95.0,2.0,95.0,100.0,80.0,10.0,10.0,3.0,100.0,80.0,91.21550769545138,0.0,20.0,2.0,100.0,95.0,100.0,-50250466,100.0,70.0,95.0,20.0,88.0,5.0,100.0,100.0
43,100.0,"false",88.0,5.0,0.0,10.0,100.0,100.0,93.0,100.0,98.0,100.0,2.0,95.0,99.0,80.0,3.0,100.0,60,99.09962002187967,100.0,95.0,2.0,95.0,100.0,80.0,10.0,10.0,3.0,100.0,80.0,91.21550769545138,0.0,20.0,2.0,100.0,95.0,100.0,-93499515,100.0,70.0,95.0,20.0,88.0,5.0,100.0,100.0
44,100.0,"false",88.0,5.0,0.0,10.0,100.0,100.0,93.0,100.0,98.0,100.0,2.0,95.0,99.0,80.0,3.0,100.0,60,99.09962002187967,100.0,95.0,2.0,95.0,100.0,80.0,10.0,10.0,3.0,100.0,80.0,91.21550769545138,0.0,20.0,2.0,100.0,95.0,100.0,-24639947,100.0,70.0,95.0,20.0,88.0,5.0,100.0,100.0
45,100.0,"false",88.0,5.0,0.0,10.0,100.0,100.0,93.0,100.0,98.0,100.0,2.0,95.0,99.0,80.0,3.0,100.0,60,99.09962002187967,100.0,95.0,2.0,95.0,100.0,80.0,10.0,10.0,3.0,100.0,80.0,91.21550769545138,0.0,20.0,2.0,100.0,95.0,100.0,39538895,100.0,70.0,95.0,20.0,88.0,5.0,100.0,100.0
46,100.0,"false",88.0,5.0,0.0,10.0,100.0,100.0,93.0,100.0,98.0,100.0,2.0,95.0,99.0,80.0,3.0,100.0,60,99.09962002187967,100.0,95.0,2.0,95.0,100.0,80.0,10.0,10.0,3.0,100.0,80.0,91.21550769545138,0.0,20.0,2.0,100.0,95.0,100.0,88551560,100.0,70.0,95.0,20.0,88.0,5.0,100.0,100.0
47,100.0,"false",88.0,5.0,0.0,10.0,100.0,100.0,93.0,100.0,98.0,100.0,2.0,95.0,99.0,80.0,3.0,100.0,60,99.09962002187967,100.0,95.0,2.0,95.0,100.0,80.0,10.0,10.0,3.0,100.0,80.0,91.21550769545138,0.0,20.0,2.0,100.0,95.0,100.0,-33065896,100.0,70.0,95.0,20.0,88.0,5.0,100.0,100.0
48,100.0,"false",88.0,5.0,0.0,10.0,100.0,100.0,93.0,100.0,98.0,100.0,2.0,95.0,99.0,80.0,3.0,100.0,60,99.09962002187967,100.0,95.0,2.0,95.0,100.0,80.0,10.0,10.0,3.0,100.0,80.0,91.21550769545138,0.0,20.0,2.0,100.0,95.0,100.0,8338487,100.0,70.0,95.0,20.0,88.0,5.0,100.0,100.0
49,100.0,"false",88.0,5.0,0.0,10.0,100.0,100.0,93.0,100.0,98.0,100.0,2.0,95.0,99.0,80.0,3.0,100.0,60,99.09962002187967,100.0,95.0,2.0,95.0,100.0,80.0,10.0,10.0,3.0,100.0,80.0,91.21550769545138,0.0,20.0,2.0,100.0,95.0,100.0,10397213,100.0,70.0,95.0,20.0,88.0,5.0,100.0,100.0
50,100.0,"false",88.0,5.0,0.0,10.0,100.0,100.0,93.0,100.0,98.0,100.0,2.0,95.0,99.0,80.0,3.0,100.0,60,99.09962002187967,100.0,95.0,2.0,95.0,100.0,80.0,10.0,10.0,3.0,100.0,80.0,91.21550769545138,0.0,20.0,2.0,100.0,95.0,100.0,2275888,100.0,70.0,95.0,20.0,88.0,5.0,100.0,100.0
51,100.0,"false",88.0,5.0,0.0,10.0,100.0,100.0,93.0,100.0,98.0,100.0,2.0,95.0,99.0,80.0,3.0,100.0,60,99.36502333497629,100.0,95.0,2.0,95.0,100.0,80.0,10.0,10.0,3.0,100.0,80.0,91.51531872339547,0.0,20.0,2.0,100.0,95.0,100.0,-41817631,100.0,70.0,95.0,20.0,88.0,5.0,100.0,100.0
52,100.0,"false",88.0,5.0,0.0,10.0,100.0,100.0,93.0,100.0,98.0,100.0,2.0,95.0,99.0,80.0,3.0,100.0,60,99.36502333497629,100.0,95.0,2.0,95.0,100.0,80.0,10.0,10.0,3.0,100.0,80.0,91.51531872339547,0.0,20.0,2.0,100.0,95.0,100.0,-21512623,100.0,70.0,95.0,20.0,88.0,5.0,100.0,100.0
53,100.0,"false",88.0,5.0,0.0,10.0,100.0,100.0,93.0,100.0,98.0,100.0,2.0,95.0,99.0,80.0,3.0,100.0,60,99.36502333497629,100.0,95.0,2.0,95.0,100.0,80.0,10.0,10.0,3.0,100.0,80.0,91.51531872339547,0.0,20.0,2.0,100.0,95.0,100.0,-80042913,100.0,70.0,95.0,20.0,88.0,5.0,100.0,100.0
54,100.0,"false",88.0,5.0,0.0,10.0,100.0,100.0,93.0,100.0,98.0,100.0,2.0,95.0,99.0,80.0,3.0,100.0,60,99.36502333497629,100.0,95.0,2.0,95.0,100.0,80.0,10.0,10.0,3.0,100.0,80.0,91.51531872339547,0.0,20.0,2.0,100.0,95.0,100.0,71273110,100.0,70.0,95.0,20.0,88.0,5.0,100.0,100.0
55,100.0,"false",88.0,5.0,0.0,10.0,100.0,100.0,93.0,100.0,98.0,100.0,2.0,95.0,99.0,80.0,3.0,100.0,60,99.36502333497629,100.0,95.0,2.0,95.0,100.0,80.0,10.0,10.0,3.0,100.0,80.0,91.51531872339547,0.0,20.0,2.0,100.0,95.0,100.0,-11682047,100.0,70.0,95.0,20.0,88.0,5.0,100.0,100.0
56,100.0,"false",88.0,5.0,0.0,10.0,100.0,100.0,93.0,100.0,98.0,100.0,2.0,95.0,99.0,80.0,3.0,100.0,60,99.36502333497629,100.0,95.0,2.0,95.0,100.0,80.0,10.0,10.0,3.0,100.0,80.0,91.51531872339547,0.0,20.0,2.0,100.0,95.0,100.0,93833545,100.0,70.0,95.0,20.0,88.0,5.0,100.0,100.0
57,100.0,"false",88.0,5.0,0.0,10.0,100.0,100.0,93.0,100.0,98.0,100.0,2.0,95.0,99.0,80.0,3.0,100.0,60,99.36502333497629,100.0,95.0,2.0,95.0,100.0,80.0,10.0,10.0,3.0,100.0,80.0,91.51531872339547,0.0,20.0,2.0,100.0,95.0,100.0,47432979,100.0,70.0,95.0,20.0,88.0,5.0,100.0,100.0
58,100.0,"false",88.0,5.0,0.0,10.0,100.0,100.0,93.0,100.0,98.0,100.0,2.0,95.0,99.0,80.0,3.0,100.0,60,99.36502333497629,100.0,95.0,2.0,95.0,100.0,80.0,10.0,10.0,3.0,100.0,80.0,91.51531872339547,0.0,20.0,2.0,100.0,95.0,100.0,61255375,100.0,70.0,95.0,20.0,88.0,5.0,100.0,100.0
59,100.0,"false",88.0,5.0,0.0,10.0,100.0,100.0,93.0,100.0,98.0,100.0,2.0,95.0,99.0,80.0,3.0,100.0,60,99.36502333497629,100.0,95.0,2.0,95.0,100.0,80.0,10.0,10.0,3.0,100.0,80.0,91.51531872339547,0.0,20.0,2.0,100.0,95.0,100.0,77542542,100.0,70.0,95.0,20.0,88.0,5.0,100.0,100.0
60,100.0,"false",88.0,5.0,0.0,10.0,100.0,100.0,93.0,100.0,98.0,100.0,2.0,95.0,99.0,80.0,3.0,100.0,60,99.36502333497629,100.0,95.0,2.0,95.0,100.0,80.0,10.0,10.0,3.0,100.0,80.0,91.51531872339547,0.0,20.0,2.0,100.0,95.0,100.0,-80581366,100.0,70.0,95.0,20.0,88.0,5.0,100.0,100.0
61,100.0,"false",88.0,5.0,0.0,10.0,100.0,100.0,93.0,100.0,98.0,100.0,2.0,95.0,99.0,80.0,3.0,100.0,60,96.71931680990383,100.0,95.0,2.0,95.0,100.0,80.0,10.0,10.0,3.0,100.0,80.0,95.62799684004858,0.0,20.0,2.0,100.0,95.0,100.0,68149692,100.0,70.0,95.0,20.0,88.0,5.0,100.0,100.0
62,100.0,"false",88.0,5.0,0.0,10.0,100.0,100.0,93.0,100.0,98.0,100.0,2.0,95.0,99.0,80.0,3.0,100.0,60,96.71931680990383,100.0,95.0,2.0,95.0,100.0,80.0,10.0,10.0,3.0,100.0,80.0,95.62799684004858,0.0,20.0,2.0,100.0,95.0,100.0,-68416698,100.0,70.0,95.0,20.0,88.0,5.0,100.0,100.0
63,100.0,"false",88.0,5.0,0.0,10.0,100.0,100.0,93.0,100.0,98.0,100.0,2.0,95.0,99.0,80.0,3.0,100.0,60,96.71931680990383,100.0,95.0,2.0,95.0,100.0,80.0,10.0,10.0,3.0,100.0,80.0,95.62799684004858,0.0,20.0,2.0,100.0,95.0,100.0,-47057961,100.0,70.0,95.0,20.0,88.0,5.0,100.0,100.0
64,100.0,"false",88.0,5.0,0.0,10.0,100.0,100.0,93.0,100.0,98.0,100.0,2.0,95.0,99.0,80.0,3.0,100.0,60,96.71931680990383,100.0,95.0,2.0,95.0,100.0,80.0,10.0,10.0,3.0,100.0,80.0,95.62799684004858,0.0,20.0,2.0,100.0,95.0,100.0,-99285238,100.0,70.0,95.0,20.0,88.0,5.0,100.0,100.0
65,100.0,"false",88.0,5.0,0.0,10.0,100.0,100.0,93.0,100.0,98.0,100.0,2.0,95.0,99.0,80.0,3.0,100.0,60,96.71931680990383,100.0,95.0,2.0,95.0,100.0,80.0,10.0,10.0,3.0,100.0,80.0,95.62799684004858,0.0,20.0,2.0,100.0,95.0,100.0,47804610,100.0,70.0,95.0,20.0,88.0,5.0,100.0,100.0
66,100.0,"false",88.0,5.0,0.0,10.0,100.0,100.0,93.0,100.0,98.0,100.0,2.0,95.0,99.0,80.0,3.0,100.0,60,96.71931680990383,100.0,95.0,2.0,95.0,100.0,80.0,10.0,10.0,3.0,100.0,80.0,95.62799684004858,0.0,20.0,2.0,100.0,95.0,100.0,7944176,100.0,70.0,95.0,20.0,88.0,5.0,100.0,100.0
67,100.0,"false",88.0,5.0,0.0,10.0,100.0,100.0,93.0,100.0,98.0,100.0,2.0,95.0,99.0,80.0,3.0,100.0,60,96.71931680990383,100.0,95.0,2.0,95.0,100.0,80.0,10.0,10.0,3.0,100.0,80.0,95.62799684004858,0.0,20.0,2.0,100.0,95.0,100.0,74901260,100.0,70.0,95.0,20.0,88.0,5.0,100.0,100.0
68,100.0,"false",88.0,5.0,0.0,10.0,100.0,100.0,93.0,100.0,98.0,100.0,2.0,95.0,99.0,80.0,3.0,100.0,60,96.71931680990383,100.0,95.0,2.0,95.0,100.0,80.0,10.0,10.0,3.0,100.0,80.0,95.62799684004858,0.0,20.0,2.0,100.0,95.0,100.0,33887174,100.0,70.0,95.0,20.0,88.0,5.0,100.0,100.0
69,100.0,"false",88.0,5.0,0.0,10.0,100.0,100.0,93.0,100.0,98.0,100.0,2.0,95.0,99.0,80.0,3.0,100.0,60,96.71931680990383,100.0,95.0,2.0,95.0,100.0,80.0,10.0,10.0,3.0,100.0,80.0,95.62799684004858,0.0,20.0,2.0,100.0,95.0,100.0,-96881213,100.0,70.0,95.0,20.0,88.0,5.0,100.0,100.0
70,100.0,"false",88.0,5.0,0.0,10.0,100.0,100.0,93.0,100.0,98.0,100.0,2.0,95.0,99.0,80.0,3.0,100.0,60,96.71931680990383,100.0,95.0,2.0,95.0,100.0,80.0,10.0,10.0,3.0,100.0,80.0,95.62799684004858,0.0,20.0,2.0,100.0,95.0,100.0,63755108,100.0,70.0,95.0,20.0,88.0,5.0,100.0,100.0
71,100.0,"false",88.0,5.0,0.0,10.0,100.0,100.0,93.0,100.0,98.0,100.0,2.0,95.0,99.0,80.0,3.0,100.0,60,96.55517547391355,100.0,95.0,2.0,95.0,100.0,80.0,10.0,10.0,3.0,100.0,80.0,94.90342859877273,0.0,20.0,2.0,100.0,95.0,100.0,72946326,100.0,70.0,95.0,20.0,88.0,5.0,100.0,100.0
72,100.0,"false",88.0,5.0,0.0,10.0,100.0,100.0,93.0,100.0,98.0,100.0,2.0,95.0,99.0,80.0,3.0,100.0,60,96.55517547391355,100.0,95.0,2.0,95.0,100.0,80.0,10.0,10.0,3.0,100.0,80.0,94.90342859877273,0.0,20.0,2.0,100.0,95.0,100.0,42339860,100.0,70.0,95.0,20.0,88.0,5.0,100.0,100.0
73,100.0,"false",88.0,5.0,0.0,10.0,100.0,100.0,93.0,100.0,98.0,100.0,2.0,95.0,99.0,80.0,3.0,100.0,60,96.55517547391355,100.0,95.0,2.0,95.0,100.0,80.0,10.0,10.0,3.0,100.0,80.0,94.90342859877273,0.0,20.0,2.0,100.0,95.0,100.0,19654934,100.0,70.0,95.0,20.0,88.0,5.0,100.0,100.0
74,100.0,"false",88.0,5.0,0.0,10.0,100.0,100.0,93.0,100.0,98.0,100.0,2.0,95.0,99.0,80.0,3.0,100.0,60,96.55517547391355,100.0,95.0,2.0,95.0,100.0,80.0,10.0,10.0,3.0,100.0,80.0,94.90342859877273,0.0,20.0,2.0,100.0,95.0,100.0,91980697,100.0,70.0,95.0,20.0,88.0,5.0,100.0,100.0
75,100.0,"false",88.0,5.0,0.0,10.0,100.0,100.0,93.0,100.0,98.0,100.0,2.0,95.0,99.0,80.0,3.0,100.0,60,96.55517547391355,100.0,95.0,2.0,95.0,100.0,80.0,10.0,10.0,3.0,100.0,80.0,94.90342859877273,0.0,20.0,2.0,100.0,95.0,100.0,20783595,100.0,70.0,95.0,20.0,88.0,5.0,100.0,100.0
76,100.0,"false",88.0,5.0,0.0,10.0,100.0,100.0,93.0,100.0,98.0,100.0,2.0,95.0,99.0,80.0,3.0,100.0,60,96.55517547391355,100.0,95.0,2.0,95.0,100.0,80.0,10.0,10.0,3.0,100.0,80.0,94.90342859877273,0.0,20.0,2.0,100.0,95.0,100.0,7235782,100.0,70.0,95.0,20.0,88.0,5.0,100.0,100.0
77,100.0,"false",88.0,5.0,0.0,10.0,100.0,100.0,93.0,100.0,98.0,100.0,2.0,95.0,99.0,80.0,3.0,100.0,60,96.55517547391355,100.0,95.0,2.0,95.0,100.0,80.0,10.0,10.0,3.0,100.0,80.0,94.90342859877273,0.0,20.0,2.0,100.0,95.0,100.0,14132854,100.0,70.0,95.0,20.0,88.0,5.0,100.0,100.0
78,100.0,"false",88.0,5.0,0.0,10.0,100.0,100.0,93.0,100.0,98.0,100.0,2.0,95.0,99.0,80.0,3.0,100.0,60,96.55517547391355,100.0,95.0,2.0,95.0,100.0,80.0,10.0,10.0,3.0,100.0,80.0,94.90342859877273,0.0,20.0,2.0,100.0,95.0,100.0,-2231815,100.0,70.0,95.0,20.0,88.0,5.0,100.0,100.0
79,100.0,"false",88.0,5.0,0.0,10.0,100.0,100.0,93.0,100.0,98.0,100.0,2.0,95.0,99.0,80.0,3.0,100.0,60,96.55517547391355,100.0,95.0,2.0,95.0,100.0,80.0,10.0,10.0,3.0,100.0,80.0,94.90342859877273,0.0,20.0,2.0,100.0,95.0,100.0,-61714832,100.0,70.0,95.0,20.0,88.0,5.0,100.0,100.0
80,100.0,"false",88.0,5.0,0.0,10.0,100.0,100.0,93.0,100.0,98.0,100.0,2.0,95.0,99.0,80.0,3.0,100.0,60,96.55517547391355,100.0,95.0,2.0,95.0,100.0,80.0,10.0,10.0,3.0,100.0,80.0,94.90342859877273,0.0,20.0,2.0,100.0,95.0,100.0,-7662486,100.0,70.0,95.0,20.0,88.0,5.0,100.0,100.0
81,100.0,"false",88.0,5.0,0.0,10.0,100.0,100.0,93.0,100.0,98.0,100.0,2.0,95.0,99.0,80.0,3.0,100.0,60,95.51149986917153,100.0,95.0,2.0,95.0,100.0,80.0,10.0,10.0,3.0,100.0,80.0,96.35111579904333,0.0,20.0,2.0,100.0,95.0,100.0,83917213,100.0,70.0,95.0,20.0,88.0,5.0,100.0,100.0
82,100.0,"false",88.0,5.0,0.0,10.0,100.0,100.0,93.0,100.0,98.0,100.0,2.0,95.0,99.0,80.0,3.0,100.0,60,95.51149986917153,100.0,95.0,2.0,95.0,100.0,80.0,10.0,10.0,3.0,100.0,80.0,96.35111579904333,0.0,20.0,2.0,100.0,95.0,100.0,-79929904,100.0,70.0,95.0,20.0,88.0,5.0,100.0,100.0
83,100.0,"false",88.0,5.0,0.0,10.0,100.0,100.0,93.0,100.0,98.0,100.0,2.0,95.0,99.0,80.0,3.0,100.0,60,95.51149986917153,100.0,95.0,2.0,95.0,100.0,80.0,10.0,10.0,3.0,100.0,80.0,96.35111579904333,0.0,20.0,2.0,100.0,95.0,100.0,-58522834,100.0,70.0,95.0,20.0,88.0,5.0,100.0,100.0
84,100.0,"false",88.0,5.0,0.0,10.0,100.0,100.0,93.0,100.0,98.0,100.0,2.0,95.0,99.0,80.0,3.0,100.0,60,95.51149986917153,100.0,95.0,2.0,95.0,100.0,80.0,10.0,10.0,3.0,100.0,80.0,96.35111579904333,0.0,20.0,2.0,100.0,95.0,100.0,-77708437,100.0,70.0,95.0,20.0,88.0,5.0,100.0,100.0
85,100.0,"false",88.0,5.0,0.0,10.0,100.0,100.0,93.0,100.0,98.0,100.0,2.0,95.0,99.0,80.0,3.0,100.0,60,95.51149986917153,100.0,95.0,2.0,95.0,100.0,80.0,10.0,10.0,3.0,100.0,80.0,96.35111579904333,0.0,20.0,2.0,100.0,95.0,100.0,-41611026,100.0,70.0,95.0,20.0,88.0,5.0,100.0,100.0
86,100.0,"false",88.0,5.0,0.0,10.0,100.0,100.0,93.0,100.0,98.0,100.0,2.0,95.0,99.0,80.0,3.0,100.0,60,95.51149986917153,100.0,95.0,2.0,95.0,100.0,80.0,10.0,10.0,3.0,100.0,80.0,96.35111579904333,0.0,20.0,2.0,100.0,95.0,100.0,-15295603,100.0,70.0,95.0,20.0,88.0,5.0,100.0,100.0
87,100.0,"false",88.0,5.0,0.0,10.0,100.0,100.0,93.0,100.0,98.0,100.0,2.0,95.0,99.0,80.0,3.0,100.0,60,95.51149986917153,100.0,95.0,2.0,95.0,100.0,80.0,10.0,10.0,3.0,100.0,80.0,96.35111579904333,0.0,20.0,2.0,100.0,95.0,100.0,64849038,100.0,70.0,95.0,20.0,88.0,5.0,100.0,100.0
88,100.0,"false",88.0,5.0,0.0,10.0,100.0,100.0,93.0,100.0,98.0,100.0,2.0,95.0,99.0,80.0,3.0,100.0,60,95.51149986917153,100.0,95.0,2.0,95.0,100.0,80.0,10.0,10.0,3.0,100.0,80.0,96.35111579904333,0.0,20.0,2.0,100.0,95.0,100.0,-36231209,100.0,70.0,95.0,20.0,88.0,5.0,100.0,100.0
89,100.0,"false",88.0,5.0,0.0,10.0,100.0,100.0,93.0,100.0,98.0,100.0,2.0,95.0,99.0,80.0,3.0,100.0,60,95.51149986917153,100.0,95.0,2.0,95.0,100.0,80.0,10.0,10.0,3.0,100.0,80.0,96.35111579904333,0.0,20.0,2.0,100.0,95.0,100.0,-78260171,100.0,70.0,95.0,20.0,88.0,5.0,100.0,100.0
90,100.0,"false",88.0,5.0,0.0,10.0,100.0,100.0,93.0,100.0,98.0,100.0,2.0,95.0,99.0,80.0,3.0,100.0,60,95.51149986917153,100.0,95.0,2.0,95.0,100.0,80.0,10.0,10.0,3.0,100.0,80.0,96.35111579904333,0.0,20.0,2.0,100.0,95.0,100.0,19517719,100.0,70.0,95.0,20.0,88.0,5.0,100.0,100.0
91,100.0,"false",88.0,5.0,0.0,10.0,100.0,100.0,93.0,100.0,98.0,100.0,2.0,95.0,99.0,80.0,3.0,100.0,60,96.79948111064732,100.0,95.0,2.0,95.0,100.0,80.0,10.0,10.0,3.0,100.0,80.0,92.86822391441092,0.0,20.0,2.0,100.0,95.0,100.0,-73670045,100.0,70.0,95.0,20.0,88.0,5.0,100.0,100.0
92,100.0,"false",88.0,5.0,0.0,10.0,100.0,100.0,93.0,100.0,98.0,100.0,2.0,95.0,99.0,80.0,3.0,100.0,60,96.79948111064732,100.0,95.0,2.0,95.0,100.0,80.0,10.0,10.0,3.0,100.0,80.0,92.86822391441092,0.0,20.0,2.0,100.0,95.0,100.0,17251627,100.0,70.0,95.0,20.0,88.0,5.0,100.0,100.0
93,100.0,"false",88.0,5.0,0.0,10.0,100.0,100.0,93.0,100.0,98.0,100.0,2.0,95.0,99.0,80.0,3.0,100.0,60,96.79948111064732,100.0,95.0,2.0,95.0,100.0,80.0,10.0,10.0,3.0,100.0,80.0,92.86822391441092,0.0,20.0,2.0,100.0,95.0,100.0,49899649,100.0,70.0,95.0,20.0,88.0,5.0,100.0,100.0
94,100.0,"false",88.0,5.0,0.0,10.0,100.0,100.0,93.0,100.0,98.0,100.0,2.0,95.0,99.0,80.0,3.0,100.0,60,96.79948111064732,100.0,95.0,2.0,95.0,100.0,80.0,10.0,10.0,3.0,100.0,80.0,92.86822391441092,0.0,20.0,2.0,100.0,95.0,100.0,-68255758,100.0,70.0,95.0,20.0,88.0,5.0,100.0,100.0
95,100.0,"false",88.0,5.0,0.0,10.0,100.0,100.0,93.0,100.0,98.0,100.0,2.0,95.0,99.0,80.0,3.0,100.0,60,96.79948111064732,100.0,95.0,2.0,95.0,100.0,80.0,10.0,10.0,3.0,100.0,80.0,92.86822391441092,0.0,20.0,2.0,100.0,95.0,100.0,52696652,100.0,70.0,95.0,20.0,88.0,5.0,100.0,100.0
96,100.0,"false",88.0,5.0,0.0,10.0,100.0,100.0,93.0,100.0,98.0,100.0,2.0,95.0,99.0,80.0,3.0,100.0,60,96.79948111064732,100.0,95.0,2.0,95.0,100.0,80.0,10.0,10.0,3.0,100.0,80.0,92.86822391441092,0.0,20.0,2.0,100.0,95.0,100.0,39270480,100.0,70.0,95.0,20.0,88.0,5.0,100.0,100.0
97,100.0,"false",88.0,5.0,0.0,10.0,100.0,100.0,93.0,100.0,98.0,100.0,2.0,95.0,99.0,80.0,3.0,100.0,60,96.79948111064732,100.0,95.0,2.0,95.0,100.0,80.0,10.0,10.0,3.0,100.0,80.0,92.86822391441092,0.0,20.0,2.0,100.0,95.0,100.0,65463775,100.0,70.0,95.0,20.0,88.0,5.0,100.0,100.0
98,100.0,"false",88.0,5.0,0.0,10.0,100.0,100.0,93.0,100.0,98.0,100.0,2.0,95.0,99.0,80.0,3.0,100.0,60,96.79948111064732,100.0,95.0,2.0,95.0,100.0,80.0,10.0,10.0,3.0,100.0,80.0,92.86822391441092,0.0,20.0,2.0,100.0,95.0,100.0,38982230,100.0,70.0,95.0,20.0,88.0,5.0,100.0,100.0
99,100.0,"false",88.0,5.0,0.0,10.0,100.0,100.0,93.0,100.0,98.0,100.0,2.0,95.0,99.0,80.0,3.0,100.0,60,96.79948111064732,100.0,95.0,2.0,95.0,100.0,80.0,10.0,10.0,3.0,100.0,80.0,92.86822391441092,0.0,20.0,2.0,100.0,95.0,100.0,23857284,100.0,70.0,95.0,20.0,88.0,5.0,100.0,100.0
100,100.0,"false",88.0,5.0,0.0,10.0,100.0,100.0,93.0,100.0,98.0,100.0,2.0,95.0,99.0,80.0,3.0,100.0,60,96.79948111064732,100.0,95.0,2.0,95.0,100.0,80.0,10.0,10.0,3.0,100.0,80.0,92.86822391441092,0.0,20.0,2.0,100.0,95.0,100.0,-73876120,100.0,70.0,95.0,20.0,88.0,5.0,100.0,100.0
