"AdmitToAmber","AdmitToGreen","AdmitToRed","tick"
1,1,1,1.0
1,1,1,2.0
1,1,1,3.0
1,1,1,4.0
1,1,1,5.0
1,1,1,6.0
1,1,1,7.0
1,1,1,8.0
1,1,1,9.0
1,1,1,10.0
1,1,1,11.0
1,1,1,12.0
1,1,1,13.0
1,1,1,14.0
1,1,1,15.0
1,1,1,16.0
1,1,1,17.0
1,1,1,18.0
1,1,1,19.0
1,1,1,20.0
1,1,1,21.0
1,1,1,22.0
1,1,1,23.0
1,1,1,24.0
1,1,1,25.0
1,1,1,26.0
1,1,1,27.0
1,1,1,28.0
1,1,1,29.0
1,1,1,30.0
1,1,1,31.0
1,1,1,32.0
1,1,1,33.0
1,1,1,34.0
1,1,1,35.0
1,1,1,36.0
1,1,1,37.0
1,1,1,38.0
1,1,1,39.0
1,1,1,40.0
1,1,1,41.0
1,1,1,42.0
1,1,1,43.0
1,1,1,44.0
1,1,1,45.0
1,1,1,46.0
1,1,1,47.0
1,1,1,48.0
1,1,1,49.0
1,1,1,50.0
1,1,1,51.0
1,1,1,52.0
1,1,1,53.0
1,1,1,54.0
1,1,1,55.0
1,1,1,56.0
1,1,1,57.0
1,1,1,58.0
1,1,1,59.0
1,1,1,60.0
1,1,1,61.0
1,1,1,62.0
1,1,1,63.0
1,1,1,64.0
1,1,1,65.0
1,1,1,66.0
1,1,1,67.0
1,1,1,68.0
1,1,1,69.0
1,1,1,70.0
1,1,1,71.0
1,1,1,72.0
1,1,1,73.0
1,1,1,74.0
1,1,1,75.0
1,1,1,76.0
1,1,1,77.0
1,1,1,78.0
1,1,1,79.0
1,1,1,80.0
1,1,1,81.0
1,1,1,82.0
1,1,1,83.0
1,1,1,84.0
1,1,1,85.0
1,1,1,86.0
1,1,1,87.0
1,1,1,88.0
1,1,1,89.0
1,1,1,90.0
1,1,1,91.0
1,1,1,92.0
1,1,1,93.0
1,1,1,94.0
1,1,1,95.0
1,1,1,96.0
1,1,1,97.0
1,1,1,98.0
1,1,1,99.0
1,1,1,100.0
1,1,1,101.0
1,1,1,102.0
1,1,1,103.0
1,1,1,104.0
1,1,1,105.0
1,1,1,106.0
1,1,1,107.0
1,1,1,108.0
1,1,1,109.0
1,1,1,110.0
1,1,1,111.0
1,1,1,112.0
1,1,1,113.0
1,1,1,114.0
1,1,1,115.0
1,1,1,116.0
1,1,1,117.0
1,1,1,118.0
1,1,1,119.0
1,1,1,120.0
1,1,1,121.0
2,2,2,122.0
2,2,2,123.0
2,2,2,124.0
2,2,2,125.0
2,2,2,126.0
2,2,2,127.0
2,2,2,128.0
2,2,2,129.0
2,2,2,130.0
2,2,2,131.0
2,2,2,132.0
2,2,2,133.0
2,2,2,134.0
2,2,2,135.0
2,2,2,136.0
2,2,2,137.0
2,2,2,138.0
2,2,2,139.0
2,2,2,140.0
2,2,2,141.0
2,2,2,142.0
2,2,2,143.0
2,2,2,144.0
2,2,2,145.0
2,2,2,146.0
2,2,2,147.0
2,2,2,148.0
2,2,2,149.0
2,2,2,150.0
2,2,2,151.0
2,2,2,152.0
2,2,2,153.0
2,2,2,154.0
2,2,2,155.0
2,2,2,156.0
2,2,2,157.0
2,2,2,158.0
2,2,2,159.0
2,2,2,160.0
2,2,2,161.0
2,2,2,162.0
2,2,2,163.0
2,2,2,164.0
2,2,2,165.0
2,2,2,166.0
2,2,2,167.0
2,2,2,168.0
2,2,2,169.0
2,2,2,170.0
2,2,2,171.0
2,2,2,172.0
2,2,2,173.0
2,2,2,174.0
2,2,2,175.0
2,2,2,176.0
2,2,2,177.0
2,2,2,178.0
2,2,2,179.0
2,2,2,180.0
2,2,2,181.0
2,2,2,182.0
2,2,2,183.0
2,2,2,184.0
2,2,2,185.0
2,2,2,186.0
2,2,2,187.0
2,2,2,188.0
2,2,2,189.0
2,2,2,190.0
2,2,2,191.0
2,2,2,192.0
2,2,2,193.0
2,2,2,194.0
2,2,2,195.0
2,2,2,196.0
2,2,2,197.0
2,2,2,198.0
2,2,2,199.0
2,2,2,200.0
2,2,2,201.0
2,2,2,202.0
2,2,2,203.0
2,2,2,204.0
2,2,2,205.0
2,2,2,206.0
2,2,2,207.0
2,2,2,208.0
2,2,2,209.0
2,2,2,210.0
2,2,2,211.0
2,2,2,212.0
2,2,2,213.0
2,2,2,214.0
2,2,2,215.0
2,2,2,216.0
2,2,2,217.0
2,2,2,218.0
2,2,2,219.0
2,2,2,220.0
2,2,2,221.0
2,2,2,222.0
2,2,2,223.0
2,2,2,224.0
2,2,2,225.0
2,2,2,226.0
2,2,2,227.0
2,2,2,228.0
2,2,2,229.0
2,2,2,230.0
2,2,2,231.0
2,2,2,232.0
2,2,2,233.0
2,2,2,234.0
2,2,2,235.0
2,2,2,236.0
2,2,2,237.0
2,2,2,238.0
2,2,2,239.0
2,2,2,240.0
2,2,2,241.0
2,2,2,242.0
3,3,3,243.0
3,3,3,244.0
3,3,3,245.0
3,3,3,246.0
3,3,3,247.0
3,3,3,248.0
3,3,3,249.0
3,3,3,250.0
3,3,3,251.0
3,3,3,252.0
3,3,3,253.0
3,3,3,254.0
3,3,3,255.0
3,3,3,256.0
3,3,3,257.0
3,3,3,258.0
3,3,3,259.0
3,3,3,260.0
3,3,3,261.0
3,3,3,262.0
3,3,3,263.0
3,3,3,264.0
3,3,3,265.0
3,3,3,266.0
3,3,3,267.0
3,3,3,268.0
3,3,3,269.0
3,3,3,270.0
3,3,3,271.0
3,3,3,272.0
3,3,3,273.0
3,3,3,274.0
3,3,3,275.0
3,3,3,276.0
3,3,3,277.0
3,3,3,278.0
3,3,3,279.0
3,3,3,280.0
3,3,3,281.0
3,3,3,282.0
3,3,3,283.0
3,3,3,284.0
3,3,3,285.0
3,3,3,286.0
3,3,3,287.0
3,3,3,288.0
3,3,3,289.0
3,3,3,290.0
3,3,3,291.0
3,3,3,292.0
3,3,3,293.0
3,3,3,294.0
3,3,3,295.0
3,3,3,296.0
3,3,3,297.0
3,3,3,298.0
3,3,3,299.0
3,3,3,300.0
3,3,3,301.0
3,3,3,302.0
3,3,3,303.0
3,3,3,304.0
3,3,3,305.0
3,3,3,306.0
3,3,3,307.0
3,3,3,308.0
3,3,3,309.0
3,3,3,310.0
3,3,3,311.0
3,3,3,312.0
3,3,3,313.0
3,3,3,314.0
3,3,3,315.0
3,3,3,316.0
3,3,3,317.0
3,3,3,318.0
3,3,3,319.0
3,3,3,320.0
3,3,3,321.0
3,3,3,322.0
3,3,3,323.0
3,3,3,324.0
3,3,3,325.0
3,3,3,326.0
3,3,3,327.0
3,3,3,328.0
3,3,3,329.0
3,3,3,330.0
3,3,3,331.0
3,3,3,332.0
3,3,3,333.0
3,3,3,334.0
3,3,3,335.0
3,3,3,336.0
3,3,3,337.0
3,3,3,338.0
3,3,3,339.0
3,3,3,340.0
3,3,3,341.0
3,3,3,342.0
3,3,3,343.0
3,3,3,344.0
3,3,3,345.0
3,3,3,346.0
3,3,3,347.0
3,3,3,348.0
3,3,3,349.0
3,3,3,350.0
3,3,3,351.0
3,3,3,352.0
3,3,3,353.0
3,3,3,354.0
3,3,3,355.0
3,3,3,356.0
3,3,3,357.0
3,3,3,358.0
3,3,3,359.0
3,3,3,360.0
3,3,3,361.0
3,3,3,362.0
3,3,3,363.0
4,4,4,364.0
4,4,4,365.0
4,4,4,366.0
4,4,4,367.0
4,4,4,368.0
4,4,4,369.0
4,4,4,370.0
4,4,4,371.0
4,4,4,372.0
4,4,4,373.0
4,4,4,374.0
4,4,4,375.0
4,4,4,376.0
4,4,4,377.0
4,4,4,378.0
4,4,4,379.0
4,4,4,380.0
4,4,4,381.0
4,4,4,382.0
4,4,4,383.0
4,4,4,384.0
4,4,4,385.0
4,4,4,386.0
4,4,4,387.0
4,4,4,388.0
4,4,4,389.0
4,4,4,390.0
4,4,4,391.0
4,4,4,392.0
4,4,4,393.0
4,4,4,394.0
4,4,4,395.0
4,4,4,396.0
4,4,4,397.0
4,4,4,398.0
4,4,4,399.0
4,4,4,400.0
4,4,4,401.0
4,4,4,402.0
4,4,4,403.0
4,4,4,404.0
4,4,4,405.0
4,4,4,406.0
4,4,4,407.0
4,4,4,408.0
4,4,4,409.0
4,4,4,410.0
4,4,4,411.0
4,4,4,412.0
4,4,4,413.0
4,4,4,414.0
4,4,4,415.0
4,4,4,416.0
4,4,4,417.0
4,4,4,418.0
4,4,4,419.0
4,4,4,420.0
4,4,4,421.0
4,4,4,422.0
4,4,4,423.0
4,4,4,424.0
4,4,4,425.0
4,4,4,426.0
4,4,4,427.0
4,4,4,428.0
4,4,4,429.0
4,4,4,430.0
4,4,4,431.0
4,4,4,432.0
4,4,4,433.0
4,4,4,434.0
4,4,4,435.0
4,4,4,436.0
4,4,4,437.0
4,4,4,438.0
4,4,4,439.0
4,4,4,440.0
4,4,4,441.0
4,4,4,442.0
4,4,4,443.0
4,4,4,444.0
4,4,4,445.0
4,4,4,446.0
4,4,4,447.0
4,4,4,448.0
4,4,4,449.0
4,4,4,450.0
4,4,4,451.0
4,4,4,452.0
4,4,4,453.0
4,4,4,454.0
4,4,4,455.0
4,4,4,456.0
4,4,4,457.0
4,4,4,458.0
4,4,4,459.0
4,4,4,460.0
4,4,4,461.0
4,4,4,462.0
4,4,4,463.0
4,4,4,464.0
4,4,4,465.0
4,4,4,466.0
4,4,4,467.0
4,4,4,468.0
4,4,4,469.0
4,4,4,470.0
4,4,4,471.0
4,4,4,472.0
4,4,4,473.0
4,4,4,474.0
4,4,4,475.0
4,4,4,476.0
4,4,4,477.0
4,4,4,478.0
4,4,4,479.0
4,4,4,480.0
4,4,4,481.0
4,4,4,482.0
4,4,4,483.0
4,4,4,484.0
5,5,5,485.0
5,5,5,486.0
5,5,5,487.0
5,5,5,488.0
5,5,5,489.0
5,5,5,490.0
5,5,5,491.0
5,5,5,492.0
5,5,5,493.0
5,5,5,494.0
5,5,5,495.0
5,5,5,496.0
5,5,5,497.0
5,5,5,498.0
5,5,5,499.0
5,5,5,500.0
5,5,5,501.0
5,5,5,502.0
5,5,5,503.0
5,5,5,504.0
5,5,5,505.0
5,5,5,506.0
5,5,5,507.0
5,5,5,508.0
5,5,5,509.0
5,5,5,510.0
5,5,5,511.0
5,5,5,512.0
5,5,5,513.0
5,5,5,514.0
5,5,5,515.0
5,5,5,516.0
5,5,5,517.0
5,5,5,518.0
5,5,5,519.0
5,5,5,520.0
5,5,5,521.0
5,5,5,522.0
5,5,5,523.0
5,5,5,524.0
5,5,5,525.0
5,5,5,526.0
5,5,5,527.0
5,5,5,528.0
5,5,5,529.0
5,5,5,530.0
5,5,5,531.0
5,5,5,532.0
5,5,5,533.0
5,5,5,534.0
5,5,5,535.0
5,5,5,536.0
5,5,5,537.0
5,5,5,538.0
5,5,5,539.0
5,5,5,540.0
5,5,5,541.0
5,5,5,542.0
5,5,5,543.0
5,5,5,544.0
5,5,5,545.0
5,5,5,546.0
5,5,5,547.0
5,5,5,548.0
5,5,5,549.0
5,5,5,550.0
5,5,5,551.0
5,5,5,552.0
5,5,5,553.0
5,5,5,554.0
5,5,5,555.0
5,5,5,556.0
5,5,5,557.0
5,5,5,558.0
5,5,5,559.0
5,5,5,560.0
5,5,5,561.0
5,5,5,562.0
5,5,5,563.0
5,5,5,564.0
5,5,5,565.0
5,5,5,566.0
5,5,5,567.0
5,5,5,568.0
5,5,5,569.0
5,5,5,570.0
5,5,5,571.0
5,5,5,572.0
5,5,5,573.0
5,5,5,574.0
5,5,5,575.0
5,5,5,576.0
5,5,5,577.0
5,5,5,578.0
5,5,5,579.0
5,5,5,580.0
5,5,5,581.0
5,5,5,582.0
5,5,5,583.0
5,5,5,584.0
5,5,5,585.0
5,5,5,586.0
5,5,5,587.0
5,5,5,588.0
5,5,5,589.0
5,5,5,590.0
5,5,5,591.0
5,5,5,592.0
5,5,5,593.0
5,5,5,594.0
5,5,5,595.0
5,5,5,596.0
5,5,5,597.0
5,5,5,598.0
5,5,5,599.0
5,5,5,600.0
5,5,5,601.0
5,5,5,602.0
5,5,5,603.0
5,5,5,604.0
5,5,5,605.0
6,6,6,606.0
6,6,6,607.0
6,6,6,608.0
6,6,6,609.0
6,6,6,610.0
6,6,6,611.0
6,6,6,612.0
6,6,6,613.0
6,6,6,614.0
6,6,6,615.0
6,6,6,616.0
6,6,6,617.0
6,6,6,618.0
6,6,6,619.0
6,6,6,620.0
6,6,6,621.0
6,6,6,622.0
6,6,6,623.0
6,6,6,624.0
6,6,6,625.0
6,6,6,626.0
6,6,6,627.0
6,6,6,628.0
6,6,6,629.0
6,6,6,630.0
6,6,6,631.0
6,6,6,632.0
6,6,6,633.0
6,6,6,634.0
6,6,6,635.0
6,6,6,636.0
6,6,6,637.0
6,6,6,638.0
6,6,6,639.0
6,6,6,640.0
6,6,6,641.0
6,6,6,642.0
6,6,6,643.0
6,6,6,644.0
6,6,6,645.0
6,6,6,646.0
6,6,6,647.0
6,6,6,648.0
6,6,6,649.0
6,6,6,650.0
6,6,6,651.0
6,6,6,652.0
6,6,6,653.0
6,6,6,654.0
6,6,6,655.0
6,6,6,656.0
6,6,6,657.0
6,6,6,658.0
6,6,6,659.0
6,6,6,660.0
6,6,6,661.0
6,6,6,662.0
6,6,6,663.0
6,6,6,664.0
6,6,6,665.0
6,6,6,666.0
6,6,6,667.0
6,6,6,668.0
6,6,6,669.0
6,6,6,670.0
6,6,6,671.0
6,6,6,672.0
6,6,6,673.0
6,6,6,674.0
6,6,6,675.0
6,6,6,676.0
6,6,6,677.0
6,6,6,678.0
6,6,6,679.0
6,6,6,680.0
6,6,6,681.0
6,6,6,682.0
6,6,6,683.0
6,6,6,684.0
6,6,6,685.0
6,6,6,686.0
6,6,6,687.0
6,6,6,688.0
6,6,6,689.0
6,6,6,690.0
6,6,6,691.0
6,6,6,692.0
6,6,6,693.0
6,6,6,694.0
6,6,6,695.0
6,6,6,696.0
6,6,6,697.0
6,6,6,698.0
6,6,6,699.0
6,6,6,700.0
6,6,6,701.0
6,6,6,702.0
6,6,6,703.0
6,6,6,704.0
6,6,6,705.0
6,6,6,706.0
6,6,6,707.0
6,6,6,708.0
6,6,6,709.0
6,6,6,710.0
6,6,6,711.0
6,6,6,712.0
6,6,6,713.0
6,6,6,714.0
6,6,6,715.0
6,6,6,716.0
6,6,6,717.0
6,6,6,718.0
6,6,6,719.0
6,6,6,720.0
6,6,6,721.0
6,6,6,722.0
6,6,6,723.0
6,6,6,724.0
6,6,6,725.0
6,6,6,726.0
7,7,7,727.0
7,7,7,728.0
7,7,7,729.0
7,7,7,730.0
7,7,7,731.0
7,7,7,732.0
7,7,7,733.0
7,7,7,734.0
7,7,7,735.0
7,7,7,736.0
7,7,7,737.0
7,7,7,738.0
7,7,7,739.0
7,7,7,740.0
7,7,7,741.0
7,7,7,742.0
7,7,7,743.0
7,7,7,744.0
7,7,7,745.0
7,7,7,746.0
7,7,7,747.0
7,7,7,748.0
7,7,7,749.0
7,7,7,750.0
7,7,7,751.0
7,7,7,752.0
7,7,7,753.0
7,7,7,754.0
7,7,7,755.0
7,7,7,756.0
7,7,7,757.0
7,7,7,758.0
7,7,7,759.0
7,7,7,760.0
7,7,7,761.0
7,7,7,762.0
7,7,7,763.0
7,7,7,764.0
7,7,7,765.0
7,7,7,766.0
7,7,7,767.0
7,7,7,768.0
7,7,7,769.0
7,7,7,770.0
7,7,7,771.0
7,7,7,772.0
7,7,7,773.0
7,7,7,774.0
7,7,7,775.0
7,7,7,776.0
7,7,7,777.0
7,7,7,778.0
7,7,7,779.0
7,7,7,780.0
7,7,7,781.0
7,7,7,782.0
7,7,7,783.0
7,7,7,784.0
7,7,7,785.0
7,7,7,786.0
7,7,7,787.0
7,7,7,788.0
7,7,7,789.0
7,7,7,790.0
7,7,7,791.0
7,7,7,792.0
7,7,7,793.0
7,7,7,794.0
7,7,7,795.0
7,7,7,796.0
7,7,7,797.0
7,7,7,798.0
7,7,7,799.0
7,7,7,800.0
7,7,7,801.0
7,7,7,802.0
7,7,7,803.0
7,7,7,804.0
7,7,7,805.0
7,7,7,806.0
7,7,7,807.0
7,7,7,808.0
7,7,7,809.0
7,7,7,810.0
7,7,7,811.0
7,7,7,812.0
7,7,7,813.0
7,7,7,814.0
7,7,7,815.0
7,7,7,816.0
7,7,7,817.0
7,7,7,818.0
7,7,7,819.0
7,7,7,820.0
7,7,7,821.0
7,7,7,822.0
7,7,7,823.0
7,7,7,824.0
7,7,7,825.0
7,7,7,826.0
7,7,7,827.0
7,7,7,828.0
7,7,7,829.0
7,7,7,830.0
7,7,7,831.0
7,7,7,832.0
7,7,7,833.0
7,7,7,834.0
7,7,7,835.0
7,7,7,836.0
7,7,7,837.0
7,7,7,838.0
7,7,7,839.0
7,7,7,840.0
7,7,7,841.0
7,7,7,842.0
7,7,7,843.0
7,7,7,844.0
7,7,7,845.0
7,7,7,846.0
7,7,7,847.0
8,8,8,848.0
8,8,8,849.0
8,8,8,850.0
8,8,8,851.0
8,8,8,852.0
8,8,8,853.0
8,8,8,854.0
8,8,8,855.0
8,8,8,856.0
8,8,8,857.0
8,8,8,858.0
8,8,8,859.0
8,8,8,860.0
8,8,8,861.0
8,8,8,862.0
8,8,8,863.0
8,8,8,864.0
8,8,8,865.0
8,8,8,866.0
8,8,8,867.0
8,8,8,868.0
8,8,8,869.0
8,8,8,870.0
8,8,8,871.0
8,8,8,872.0
8,8,8,873.0
8,8,8,874.0
8,8,8,875.0
8,8,8,876.0
8,8,8,877.0
8,8,8,878.0
8,8,8,879.0
8,8,8,880.0
8,8,8,881.0
8,8,8,882.0
8,8,8,883.0
8,8,8,884.0
8,8,8,885.0
8,8,8,886.0
8,8,8,887.0
8,8,8,888.0
8,8,8,889.0
8,8,8,890.0
8,8,8,891.0
8,8,8,892.0
8,8,8,893.0
8,8,8,894.0
8,8,8,895.0
8,8,8,896.0
8,8,8,897.0
8,8,8,898.0
8,8,8,899.0
8,8,8,900.0
8,8,8,901.0
8,8,8,902.0
8,8,8,903.0
8,8,8,904.0
8,8,8,905.0
8,8,8,906.0
8,8,8,907.0
8,8,8,908.0
8,8,8,909.0
8,8,8,910.0
8,8,8,911.0
8,8,8,912.0
8,8,8,913.0
8,8,8,914.0
8,8,8,915.0
8,8,8,916.0
8,8,8,917.0
8,8,8,918.0
8,8,8,919.0
8,8,8,920.0
8,8,8,921.0
8,8,8,922.0
8,8,8,923.0
8,8,8,924.0
8,8,8,925.0
8,8,8,926.0
8,8,8,927.0
8,8,8,928.0
8,8,8,929.0
8,8,8,930.0
8,8,8,931.0
8,8,8,932.0
8,8,8,933.0
8,8,8,934.0
8,8,8,935.0
8,8,8,936.0
8,8,8,937.0
8,8,8,938.0
8,8,8,939.0
8,8,8,940.0
8,8,8,941.0
8,8,8,942.0
8,8,8,943.0
8,8,8,944.0
8,8,8,945.0
8,8,8,946.0
8,8,8,947.0
8,8,8,948.0
8,8,8,949.0
8,8,8,950.0
8,8,8,951.0
8,8,8,952.0
8,8,8,953.0
8,8,8,954.0
8,8,8,955.0
8,8,8,956.0
8,8,8,957.0
8,8,8,958.0
8,8,8,959.0
8,8,8,960.0
8,8,8,961.0
8,8,8,962.0
8,8,8,963.0
8,8,8,964.0
8,8,8,965.0
8,8,8,966.0
8,8,8,967.0
8,8,8,968.0
9,9,9,969.0
9,9,9,970.0
9,9,9,971.0
9,9,9,972.0
9,9,9,973.0
9,9,9,974.0
9,9,9,975.0
9,9,9,976.0
9,9,9,977.0
9,9,9,978.0
9,9,9,979.0
9,9,9,980.0
9,9,9,981.0
9,9,9,982.0
9,9,9,983.0
9,9,9,984.0
9,9,9,985.0
9,9,9,986.0
9,9,9,987.0
9,9,9,988.0
9,9,9,989.0
9,9,9,990.0
9,9,9,991.0
9,9,9,992.0
9,9,9,993.0
9,9,9,994.0
9,9,9,995.0
9,9,9,996.0
9,9,9,997.0
9,9,9,998.0
9,9,9,999.0
9,9,9,1000.0
9,9,9,1001.0
9,9,9,1002.0
9,9,9,1003.0
9,9,9,1004.0
9,9,9,1005.0
9,9,9,1006.0
9,9,9,1007.0
9,9,9,1008.0
9,9,9,1009.0
9,9,9,1010.0
9,9,9,1011.0
9,9,9,1012.0
9,9,9,1013.0
9,9,9,1014.0
9,9,9,1015.0
9,9,9,1016.0
9,9,9,1017.0
9,9,9,1018.0
9,9,9,1019.0
9,9,9,1020.0
9,9,9,1021.0
9,9,9,1022.0
9,9,9,1023.0
9,9,9,1024.0
9,9,9,1025.0
9,9,9,1026.0
9,9,9,1027.0
9,9,9,1028.0
9,9,9,1029.0
9,9,9,1030.0
9,9,9,1031.0
9,9,9,1032.0
9,9,9,1033.0
9,9,9,1034.0
9,9,9,1035.0
9,9,9,1036.0
9,9,9,1037.0
9,9,9,1038.0
9,9,9,1039.0
9,9,9,1040.0
9,9,9,1041.0
9,9,9,1042.0
9,9,9,1043.0
9,9,9,1044.0
9,9,9,1045.0
9,9,9,1046.0
9,9,9,1047.0
9,9,9,1048.0
9,9,9,1049.0
9,9,9,1050.0
9,9,9,1051.0
9,9,9,1052.0
9,9,9,1053.0
9,9,9,1054.0
9,9,9,1055.0
9,9,9,1056.0
9,9,9,1057.0
9,9,9,1058.0
9,9,9,1059.0
9,9,9,1060.0
9,9,9,1061.0
9,9,9,1062.0
9,9,9,1063.0
9,9,9,1064.0
9,9,9,1065.0
9,9,9,1066.0
9,9,9,1067.0
9,9,9,1068.0
9,9,9,1069.0
9,9,9,1070.0
9,9,9,1071.0
9,9,9,1072.0
9,9,9,1073.0
9,9,9,1074.0
9,9,9,1075.0
9,9,9,1076.0
9,9,9,1077.0
9,9,9,1078.0
9,9,9,1079.0
9,9,9,1080.0
9,9,9,1081.0
9,9,9,1082.0
9,9,9,1083.0
9,9,9,1084.0
9,9,9,1085.0
9,9,9,1086.0
9,9,9,1087.0
9,9,9,1088.0
9,9,9,1089.0
10,10,10,1090.0
10,10,10,1091.0
10,10,10,1092.0
10,10,10,1093.0
10,10,10,1094.0
10,10,10,1095.0
10,10,10,1096.0
10,10,10,1097.0
10,10,10,1098.0
10,10,10,1099.0
10,10,10,1100.0
10,10,10,1101.0
10,10,10,1102.0
10,10,10,1103.0
10,10,10,1104.0
10,10,10,1105.0
10,10,10,1106.0
10,10,10,1107.0
10,10,10,1108.0
10,10,10,1109.0
10,10,10,1110.0
10,10,10,1111.0
10,10,10,1112.0
10,10,10,1113.0
10,10,10,1114.0
10,10,10,1115.0
10,10,10,1116.0
10,10,10,1117.0
10,10,10,1118.0
10,10,10,1119.0
10,10,10,1120.0
10,10,10,1121.0
10,10,10,1122.0
10,10,10,1123.0
10,10,10,1124.0
10,10,10,1125.0
10,10,10,1126.0
10,10,10,1127.0
10,10,10,1128.0
10,10,10,1129.0
10,10,10,1130.0
10,10,10,1131.0
10,10,10,1132.0
10,10,10,1133.0
10,10,10,1134.0
10,10,10,1135.0
10,10,10,1136.0
10,10,10,1137.0
10,10,10,1138.0
10,10,10,1139.0
10,10,10,1140.0
10,10,10,1141.0
10,10,10,1142.0
10,10,10,1143.0
10,10,10,1144.0
10,10,10,1145.0
10,10,10,1146.0
10,10,10,1147.0
10,10,10,1148.0
10,10,10,1149.0
10,10,10,1150.0
10,10,10,1151.0
10,10,10,1152.0
10,10,10,1153.0
10,10,10,1154.0
10,10,10,1155.0
10,10,10,1156.0
10,10,10,1157.0
10,10,10,1158.0
10,10,10,1159.0
10,10,10,1160.0
10,10,10,1161.0
10,10,10,1162.0
10,10,10,1163.0
10,10,10,1164.0
10,10,10,1165.0
10,10,10,1166.0
10,10,10,1167.0
10,10,10,1168.0
10,10,10,1169.0
10,10,10,1170.0
10,10,10,1171.0
10,10,10,1172.0
10,10,10,1173.0
10,10,10,1174.0
10,10,10,1175.0
10,10,10,1176.0
10,10,10,1177.0
10,10,10,1178.0
10,10,10,1179.0
10,10,10,1180.0
10,10,10,1181.0
10,10,10,1182.0
10,10,10,1183.0
10,10,10,1184.0
10,10,10,1185.0
10,10,10,1186.0
10,10,10,1187.0
10,10,10,1188.0
10,10,10,1189.0
10,10,10,1190.0
10,10,10,1191.0
10,10,10,1192.0
10,10,10,1193.0
10,10,10,1194.0
10,10,10,1195.0
10,10,10,1196.0
10,10,10,1197.0
10,10,10,1198.0
10,10,10,1199.0
10,10,10,1200.0
10,10,10,1201.0
10,10,10,1202.0
10,10,10,1203.0
10,10,10,1204.0
10,10,10,1205.0
10,10,10,1206.0
10,10,10,1207.0
10,10,10,1208.0
10,10,10,1209.0
10,10,10,1210.0
11,11,11,1211.0
11,11,11,1212.0
11,11,11,1213.0
11,11,11,1214.0
11,11,11,1215.0
11,11,11,1216.0
11,11,11,1217.0
11,11,11,1218.0
11,11,11,1219.0
11,11,11,1220.0
11,11,11,1221.0
11,11,11,1222.0
11,11,11,1223.0
11,11,11,1224.0
11,11,11,1225.0
11,11,11,1226.0
11,11,11,1227.0
11,11,11,1228.0
11,11,11,1229.0
11,11,11,1230.0
11,11,11,1231.0
11,11,11,1232.0
11,11,11,1233.0
11,11,11,1234.0
11,11,11,1235.0
11,11,11,1236.0
11,11,11,1237.0
11,11,11,1238.0
11,11,11,1239.0
11,11,11,1240.0
11,11,11,1241.0
11,11,11,1242.0
11,11,11,1243.0
11,11,11,1244.0
11,11,11,1245.0
11,11,11,1246.0
11,11,11,1247.0
11,11,11,1248.0
11,11,11,1249.0
11,11,11,1250.0
11,11,11,1251.0
11,11,11,1252.0
11,11,11,1253.0
11,11,11,1254.0
11,11,11,1255.0
11,11,11,1256.0
11,11,11,1257.0
11,11,11,1258.0
11,11,11,1259.0
11,11,11,1260.0
11,11,11,1261.0
11,11,11,1262.0
11,11,11,1263.0
11,11,11,1264.0
11,11,11,1265.0
11,11,11,1266.0
11,11,11,1267.0
11,11,11,1268.0
11,11,11,1269.0
11,11,11,1270.0
11,11,11,1271.0
11,11,11,1272.0
11,11,11,1273.0
11,11,11,1274.0
11,11,11,1275.0
11,11,11,1276.0
11,11,11,1277.0
11,11,11,1278.0
11,11,11,1279.0
11,11,11,1280.0
11,11,11,1281.0
11,11,11,1282.0
11,11,11,1283.0
11,11,11,1284.0
11,11,11,1285.0
11,11,11,1286.0
11,11,11,1287.0
11,11,11,1288.0
11,11,11,1289.0
11,11,11,1290.0
11,11,11,1291.0
11,11,11,1292.0
11,11,11,1293.0
11,11,11,1294.0
11,11,11,1295.0
11,11,11,1296.0
11,11,11,1297.0
11,11,11,1298.0
11,11,11,1299.0
11,11,11,1300.0
11,11,11,1301.0
11,11,11,1302.0
11,11,11,1303.0
11,11,11,1304.0
11,11,11,1305.0
11,11,11,1306.0
11,11,11,1307.0
11,11,11,1308.0
11,11,11,1309.0
11,11,11,1310.0
11,11,11,1311.0
11,11,11,1312.0
11,11,11,1313.0
11,11,11,1314.0
11,11,11,1315.0
11,11,11,1316.0
11,11,11,1317.0
11,11,11,1318.0
11,11,11,1319.0
11,11,11,1320.0
11,11,11,1321.0
11,11,11,1322.0
11,11,11,1323.0
11,11,11,1324.0
11,11,11,1325.0
11,11,11,1326.0
11,11,11,1327.0
11,11,11,1328.0
11,11,11,1329.0
11,11,11,1330.0
11,11,11,1331.0
12,12,12,1332.0
12,12,12,1333.0
12,12,12,1334.0
12,12,12,1335.0
12,12,12,1336.0
12,12,12,1337.0
12,12,12,1338.0
12,12,12,1339.0
12,12,12,1340.0
12,12,12,1341.0
12,12,12,1342.0
12,12,12,1343.0
12,12,12,1344.0
12,12,12,1345.0
12,12,12,1346.0
12,12,12,1347.0
12,12,12,1348.0
12,12,12,1349.0
12,12,12,1350.0
12,12,12,1351.0
12,12,12,1352.0
12,12,12,1353.0
12,12,12,1354.0
12,12,12,1355.0
12,12,12,1356.0
12,12,12,1357.0
12,12,12,1358.0
12,12,12,1359.0
12,12,12,1360.0
12,12,12,1361.0
12,12,12,1362.0
12,12,12,1363.0
12,12,12,1364.0
12,12,12,1365.0
12,12,12,1366.0
12,12,12,1367.0
12,12,12,1368.0
12,12,12,1369.0
12,12,12,1370.0
12,12,12,1371.0
12,12,12,1372.0
12,12,12,1373.0
12,12,12,1374.0
12,12,12,1375.0
12,12,12,1376.0
12,12,12,1377.0
12,12,12,1378.0
12,12,12,1379.0
12,12,12,1380.0
12,12,12,1381.0
12,12,12,1382.0
12,12,12,1383.0
12,12,12,1384.0
12,12,12,1385.0
12,12,12,1386.0
12,12,12,1387.0
12,12,12,1388.0
12,12,12,1389.0
12,12,12,1390.0
12,12,12,1391.0
12,12,12,1392.0
12,12,12,1393.0
12,12,12,1394.0
12,12,12,1395.0
12,12,12,1396.0
12,12,12,1397.0
12,12,12,1398.0
12,12,12,1399.0
12,12,12,1400.0
12,12,12,1401.0
12,12,12,1402.0
12,12,12,1403.0
12,12,12,1404.0
12,12,12,1405.0
12,12,12,1406.0
12,12,12,1407.0
12,12,12,1408.0
12,12,12,1409.0
12,12,12,1410.0
12,12,12,1411.0
12,12,12,1412.0
12,12,12,1413.0
12,12,12,1414.0
12,12,12,1415.0
12,12,12,1416.0
12,12,12,1417.0
12,12,12,1418.0
12,12,12,1419.0
12,12,12,1420.0
12,12,12,1421.0
12,12,12,1422.0
12,12,12,1423.0
12,12,12,1424.0
12,12,12,1425.0
12,12,12,1426.0
12,12,12,1427.0
12,12,12,1428.0
12,12,12,1429.0
12,12,12,1430.0
12,12,12,1431.0
12,12,12,1432.0
12,12,12,1433.0
12,12,12,1434.0
12,12,12,1435.0
12,12,12,1436.0
12,12,12,1437.0
12,12,12,1438.0
12,12,12,1439.0
12,12,12,1440.0
12,12,12,1441.0
12,12,12,1442.0
12,12,12,1443.0
12,12,12,1444.0
12,12,12,1445.0
12,12,12,1446.0
12,12,12,1447.0
12,12,12,1448.0
12,12,12,1449.0
12,12,12,1450.0
12,12,12,1451.0
12,12,12,1452.0
13,13,13,1453.0
13,13,13,1454.0
13,13,13,1455.0
13,13,13,1456.0
13,13,13,1457.0
13,13,13,1458.0
13,13,13,1459.0
13,13,13,1460.0
13,13,13,1461.0
13,13,13,1462.0
13,13,13,1463.0
13,13,13,1464.0
13,13,13,1465.0
13,13,13,1466.0
13,13,13,1467.0
13,13,13,1468.0
13,13,13,1469.0
13,13,13,1470.0
13,13,13,1471.0
13,13,13,1472.0
13,13,13,1473.0
13,13,13,1474.0
13,13,13,1475.0
13,13,13,1476.0
13,13,13,1477.0
13,13,13,1478.0
13,13,13,1479.0
13,13,13,1480.0
13,13,13,1481.0
13,13,13,1482.0
13,13,13,1483.0
13,13,13,1484.0
13,13,13,1485.0
13,13,13,1486.0
13,13,13,1487.0
13,13,13,1488.0
13,13,13,1489.0
13,13,13,1490.0
13,13,13,1491.0
13,13,13,1492.0
13,13,13,1493.0
13,13,13,1494.0
13,13,13,1495.0
13,13,13,1496.0
13,13,13,1497.0
13,13,13,1498.0
13,13,13,1499.0
13,13,13,1500.0
13,13,13,1501.0
13,13,13,1502.0
13,13,13,1503.0
13,13,13,1504.0
13,13,13,1505.0
13,13,13,1506.0
13,13,13,1507.0
13,13,13,1508.0
13,13,13,1509.0
13,13,13,1510.0
13,13,13,1511.0
13,13,13,1512.0
13,13,13,1513.0
13,13,13,1514.0
13,13,13,1515.0
13,13,13,1516.0
13,13,13,1517.0
13,13,13,1518.0
13,13,13,1519.0
13,13,13,1520.0
13,13,13,1521.0
13,13,13,1522.0
13,13,13,1523.0
13,13,13,1524.0
13,13,13,1525.0
13,13,13,1526.0
13,13,13,1527.0
13,13,13,1528.0
13,13,13,1529.0
13,13,13,1530.0
13,13,13,1531.0
13,13,13,1532.0
13,13,13,1533.0
13,13,13,1534.0
13,13,13,1535.0
13,13,13,1536.0
13,13,13,1537.0
13,13,13,1538.0
13,13,13,1539.0
13,13,13,1540.0
13,13,13,1541.0
13,13,13,1542.0
13,13,13,1543.0
13,13,13,1544.0
13,13,13,1545.0
13,13,13,1546.0
13,13,13,1547.0
13,13,13,1548.0
13,13,13,1549.0
13,13,13,1550.0
13,13,13,1551.0
13,13,13,1552.0
13,13,13,1553.0
13,13,13,1554.0
13,13,13,1555.0
13,13,13,1556.0
13,13,13,1557.0
13,13,13,1558.0
13,13,13,1559.0
13,13,13,1560.0
13,13,13,1561.0
13,13,13,1562.0
13,13,13,1563.0
13,13,13,1564.0
13,13,13,1565.0
13,13,13,1566.0
13,13,13,1567.0
13,13,13,1568.0
13,13,13,1569.0
13,13,13,1570.0
13,13,13,1571.0
13,13,13,1572.0
13,13,13,1573.0
14,14,14,1574.0
14,14,14,1575.0
14,14,14,1576.0
14,14,14,1577.0
14,14,14,1578.0
14,14,14,1579.0
14,14,14,1580.0
14,14,14,1581.0
14,14,14,1582.0
14,14,14,1583.0
14,14,14,1584.0
14,14,14,1585.0
14,14,14,1586.0
14,14,14,1587.0
14,14,14,1588.0
14,14,14,1589.0
14,14,14,1590.0
14,14,14,1591.0
14,14,14,1592.0
14,14,14,1593.0
14,14,14,1594.0
14,14,14,1595.0
14,14,14,1596.0
14,14,14,1597.0
14,14,14,1598.0
14,14,14,1599.0
14,14,14,1600.0
14,14,14,1601.0
14,14,14,1602.0
14,14,14,1603.0
14,14,14,1604.0
14,14,14,1605.0
14,14,14,1606.0
14,14,14,1607.0
14,14,14,1608.0
14,14,14,1609.0
14,14,14,1610.0
14,14,14,1611.0
14,14,14,1612.0
14,14,14,1613.0
14,14,14,1614.0
14,14,14,1615.0
14,14,14,1616.0
14,14,14,1617.0
14,14,14,1618.0
14,14,14,1619.0
14,14,14,1620.0
14,14,14,1621.0
14,14,14,1622.0
14,14,14,1623.0
14,14,14,1624.0
14,14,14,1625.0
14,14,14,1626.0
14,14,14,1627.0
14,14,14,1628.0
14,14,14,1629.0
14,14,14,1630.0
14,14,14,1631.0
14,14,14,1632.0
14,14,14,1633.0
14,14,14,1634.0
14,14,14,1635.0
14,14,14,1636.0
14,14,14,1637.0
14,14,14,1638.0
14,14,14,1639.0
14,14,14,1640.0
14,14,14,1641.0
14,14,14,1642.0
14,14,14,1643.0
14,14,14,1644.0
14,14,14,1645.0
14,14,14,1646.0
14,14,14,1647.0
14,14,14,1648.0
14,14,14,1649.0
14,14,14,1650.0
14,14,14,1651.0
14,14,14,1652.0
14,14,14,1653.0
14,14,14,1654.0
14,14,14,1655.0
14,14,14,1656.0
14,14,14,1657.0
14,14,14,1658.0
14,14,14,1659.0
14,14,14,1660.0
14,14,14,1661.0
14,14,14,1662.0
14,14,14,1663.0
14,14,14,1664.0
14,14,14,1665.0
14,14,14,1666.0
14,14,14,1667.0
14,14,14,1668.0
14,14,14,1669.0
14,14,14,1670.0
14,14,14,1671.0
14,14,14,1672.0
14,14,14,1673.0
14,14,14,1674.0
14,14,14,1675.0
14,14,14,1676.0
14,14,14,1677.0
14,14,14,1678.0
14,14,14,1679.0
14,14,14,1680.0
14,14,14,1681.0
14,14,14,1682.0
14,14,14,1683.0
14,14,14,1684.0
14,14,14,1685.0
14,14,14,1686.0
14,14,14,1687.0
14,14,14,1688.0
14,14,14,1689.0
14,14,14,1690.0
14,14,14,1691.0
14,14,14,1692.0
14,14,14,1693.0
14,14,14,1694.0
15,15,15,1695.0
15,15,15,1696.0
15,15,15,1697.0
15,15,15,1698.0
15,15,15,1699.0
15,15,15,1700.0
15,15,15,1701.0
15,15,15,1702.0
15,15,15,1703.0
15,15,15,1704.0
15,15,15,1705.0
15,15,15,1706.0
15,15,15,1707.0
15,15,15,1708.0
15,15,15,1709.0
15,15,15,1710.0
15,15,15,1711.0
15,15,15,1712.0
15,15,15,1713.0
15,15,15,1714.0
15,15,15,1715.0
15,15,15,1716.0
15,15,15,1717.0
15,15,15,1718.0
15,15,15,1719.0
15,15,15,1720.0
15,15,15,1721.0
15,15,15,1722.0
15,15,15,1723.0
15,15,15,1724.0
15,15,15,1725.0
15,15,15,1726.0
15,15,15,1727.0
15,15,15,1728.0
15,15,15,1729.0
15,15,15,1730.0
15,15,15,1731.0
15,15,15,1732.0
15,15,15,1733.0
15,15,15,1734.0
15,15,15,1735.0
15,15,15,1736.0
15,15,15,1737.0
15,15,15,1738.0
15,15,15,1739.0
15,15,15,1740.0
15,15,15,1741.0
15,15,15,1742.0
15,15,15,1743.0
15,15,15,1744.0
15,15,15,1745.0
15,15,15,1746.0
15,15,15,1747.0
15,15,15,1748.0
15,15,15,1749.0
15,15,15,1750.0
15,15,15,1751.0
15,15,15,1752.0
15,15,15,1753.0
15,15,15,1754.0
15,15,15,1755.0
15,15,15,1756.0
15,15,15,1757.0
15,15,15,1758.0
15,15,15,1759.0
15,15,15,1760.0
15,15,15,1761.0
15,15,15,1762.0
15,15,15,1763.0
15,15,15,1764.0
15,15,15,1765.0
15,15,15,1766.0
15,15,15,1767.0
15,15,15,1768.0
15,15,15,1769.0
15,15,15,1770.0
15,15,15,1771.0
15,15,15,1772.0
15,15,15,1773.0
15,15,15,1774.0
15,15,15,1775.0
15,15,15,1776.0
15,15,15,1777.0
15,15,15,1778.0
15,15,15,1779.0
15,15,15,1780.0
15,15,15,1781.0
15,15,15,1782.0
15,15,15,1783.0
15,15,15,1784.0
15,15,15,1785.0
15,15,15,1786.0
15,15,15,1787.0
15,15,15,1788.0
15,15,15,1789.0
15,15,15,1790.0
15,15,15,1791.0
15,15,15,1792.0
15,15,15,1793.0
15,15,15,1794.0
15,15,15,1795.0
15,15,15,1796.0
15,15,15,1797.0
15,15,15,1798.0
15,15,15,1799.0
15,15,15,1800.0
15,15,15,1801.0
15,15,15,1802.0
15,15,15,1803.0
15,15,15,1804.0
15,15,15,1805.0
15,15,15,1806.0
15,15,15,1807.0
15,15,15,1808.0
15,15,15,1809.0
15,15,15,1810.0
15,15,15,1811.0
15,15,15,1812.0
15,15,15,1813.0
15,15,15,1814.0
15,15,15,1815.0
16,16,16,1816.0
16,16,16,1817.0
16,16,16,1818.0
16,16,16,1819.0
16,16,16,1820.0
16,16,16,1821.0
16,16,16,1822.0
16,16,16,1823.0
16,16,16,1824.0
16,16,16,1825.0
16,16,16,1826.0
16,16,16,1827.0
16,16,16,1828.0
16,16,16,1829.0
16,16,16,1830.0
16,16,16,1831.0
16,16,16,1832.0
16,16,16,1833.0
16,16,16,1834.0
16,16,16,1835.0
16,16,16,1836.0
16,16,16,1837.0
16,16,16,1838.0
16,16,16,1839.0
16,16,16,1840.0
16,16,16,1841.0
16,16,16,1842.0
16,16,16,1843.0
16,16,16,1844.0
16,16,16,1845.0
16,16,16,1846.0
16,16,16,1847.0
16,16,16,1848.0
16,16,16,1849.0
16,16,16,1850.0
16,16,16,1851.0
16,16,16,1852.0
16,16,16,1853.0
16,16,16,1854.0
16,16,16,1855.0
16,16,16,1856.0
16,16,16,1857.0
16,16,16,1858.0
16,16,16,1859.0
16,16,16,1860.0
16,16,16,1861.0
16,16,16,1862.0
16,16,16,1863.0
16,16,16,1864.0
16,16,16,1865.0
16,16,16,1866.0
16,16,16,1867.0
16,16,16,1868.0
16,16,16,1869.0
16,16,16,1870.0
16,16,16,1871.0
16,16,16,1872.0
16,16,16,1873.0
16,16,16,1874.0
16,16,16,1875.0
16,16,16,1876.0
16,16,16,1877.0
16,16,16,1878.0
16,16,16,1879.0
16,16,16,1880.0
16,16,16,1881.0
16,16,16,1882.0
16,16,16,1883.0
16,16,16,1884.0
16,16,16,1885.0
16,16,16,1886.0
16,16,16,1887.0
16,16,16,1888.0
16,16,16,1889.0
16,16,16,1890.0
16,16,16,1891.0
16,16,16,1892.0
16,16,16,1893.0
16,16,16,1894.0
16,16,16,1895.0
16,16,16,1896.0
16,16,16,1897.0
16,16,16,1898.0
16,16,16,1899.0
16,16,16,1900.0
16,16,16,1901.0
16,16,16,1902.0
16,16,16,1903.0
16,16,16,1904.0
16,16,16,1905.0
16,16,16,1906.0
16,16,16,1907.0
16,16,16,1908.0
16,16,16,1909.0
16,16,16,1910.0
16,16,16,1911.0
16,16,16,1912.0
16,16,16,1913.0
16,16,16,1914.0
16,16,16,1915.0
16,16,16,1916.0
16,16,16,1917.0
16,16,16,1918.0
16,16,16,1919.0
16,16,16,1920.0
16,16,16,1921.0
16,16,16,1922.0
16,16,16,1923.0
16,16,16,1924.0
16,16,16,1925.0
16,16,16,1926.0
16,16,16,1927.0
16,16,16,1928.0
16,16,16,1929.0
16,16,16,1930.0
16,16,16,1931.0
16,16,16,1932.0
16,16,16,1933.0
16,16,16,1934.0
16,16,16,1935.0
16,16,16,1936.0
17,17,17,1937.0
17,17,17,1938.0
17,17,17,1939.0
17,17,17,1940.0
17,17,17,1941.0
17,17,17,1942.0
17,17,17,1943.0
17,17,17,1944.0
17,17,17,1945.0
17,17,17,1946.0
17,17,17,1947.0
17,17,17,1948.0
17,17,17,1949.0
17,17,17,1950.0
17,17,17,1951.0
17,17,17,1952.0
17,17,17,1953.0
17,17,17,1954.0
17,17,17,1955.0
17,17,17,1956.0
17,17,17,1957.0
17,17,17,1958.0
17,17,17,1959.0
17,17,17,1960.0
17,17,17,1961.0
17,17,17,1962.0
17,17,17,1963.0
17,17,17,1964.0
17,17,17,1965.0
17,17,17,1966.0
17,17,17,1967.0
17,17,17,1968.0
17,17,17,1969.0
17,17,17,1970.0
17,17,17,1971.0
17,17,17,1972.0
17,17,17,1973.0
17,17,17,1974.0
17,17,17,1975.0
17,17,17,1976.0
17,17,17,1977.0
17,17,17,1978.0
17,17,17,1979.0
17,17,17,1980.0
17,17,17,1981.0
17,17,17,1982.0
17,17,17,1983.0
17,17,17,1984.0
17,17,17,1985.0
17,17,17,1986.0
17,17,17,1987.0
17,17,17,1988.0
17,17,17,1989.0
17,17,17,1990.0
17,17,17,1991.0
17,17,17,1992.0
17,17,17,1993.0
17,17,17,1994.0
17,17,17,1995.0
17,17,17,1996.0
17,17,17,1997.0
17,17,17,1998.0
17,17,17,1999.0
17,17,17,2000.0
17,17,17,2001.0
17,17,17,2002.0
17,17,17,2003.0
17,17,17,2004.0
17,17,17,2005.0
17,17,17,2006.0
17,17,17,2007.0
17,17,17,2008.0
17,17,17,2009.0
17,17,17,2010.0
17,17,17,2011.0
17,17,17,2012.0
17,17,17,2013.0
17,17,17,2014.0
17,17,17,2015.0
17,17,17,2016.0
17,17,17,2017.0
17,17,17,2018.0
17,17,17,2019.0
17,17,17,2020.0
17,17,17,2021.0
17,17,17,2022.0
17,17,17,2023.0
17,17,17,2024.0
17,17,17,2025.0
17,17,17,2026.0
17,17,17,2027.0
17,17,17,2028.0
17,17,17,2029.0
17,17,17,2030.0
17,17,17,2031.0
17,17,17,2032.0
17,17,17,2033.0
17,17,17,2034.0
17,17,17,2035.0
17,17,17,2036.0
17,17,17,2037.0
17,17,17,2038.0
17,17,17,2039.0
17,17,17,2040.0
17,17,17,2041.0
17,17,17,2042.0
17,17,17,2043.0
17,17,17,2044.0
17,17,17,2045.0
17,17,17,2046.0
17,17,17,2047.0
17,17,17,2048.0
17,17,17,2049.0
17,17,17,2050.0
17,17,17,2051.0
17,17,17,2052.0
17,17,17,2053.0
17,17,17,2054.0
17,17,17,2055.0
17,17,17,2056.0
17,17,17,2057.0
18,18,18,2058.0
18,18,18,2059.0
18,18,18,2060.0
18,18,18,2061.0
18,18,18,2062.0
18,18,18,2063.0
18,18,18,2064.0
18,18,18,2065.0
18,18,18,2066.0
18,18,18,2067.0
18,18,18,2068.0
18,18,18,2069.0
18,18,18,2070.0
18,18,18,2071.0
18,18,18,2072.0
18,18,18,2073.0
18,18,18,2074.0
18,18,18,2075.0
18,18,18,2076.0
18,18,18,2077.0
18,18,18,2078.0
18,18,18,2079.0
18,18,18,2080.0
18,18,18,2081.0
18,18,18,2082.0
18,18,18,2083.0
18,18,18,2084.0
18,18,18,2085.0
18,18,18,2086.0
18,18,18,2087.0
18,18,18,2088.0
18,18,18,2089.0
18,18,18,2090.0
18,18,18,2091.0
18,18,18,2092.0
18,18,18,2093.0
18,18,18,2094.0
18,18,18,2095.0
18,18,18,2096.0
18,18,18,2097.0
18,18,18,2098.0
18,18,18,2099.0
18,18,18,2100.0
18,18,18,2101.0
18,18,18,2102.0
18,18,18,2103.0
18,18,18,2104.0
18,18,18,2105.0
18,18,18,2106.0
18,18,18,2107.0
18,18,18,2108.0
18,18,18,2109.0
18,18,18,2110.0
18,18,18,2111.0
18,18,18,2112.0
18,18,18,2113.0
18,18,18,2114.0
18,18,18,2115.0
18,18,18,2116.0
18,18,18,2117.0
18,18,18,2118.0
18,18,18,2119.0
18,18,18,2120.0
18,18,18,2121.0
18,18,18,2122.0
18,18,18,2123.0
18,18,18,2124.0
18,18,18,2125.0
18,18,18,2126.0
18,18,18,2127.0
18,18,18,2128.0
18,18,18,2129.0
18,18,18,2130.0
18,18,18,2131.0
18,18,18,2132.0
18,18,18,2133.0
18,18,18,2134.0
18,18,18,2135.0
18,18,18,2136.0
18,18,18,2137.0
18,18,18,2138.0
18,18,18,2139.0
18,18,18,2140.0
18,18,18,2141.0
18,18,18,2142.0
18,18,18,2143.0
18,18,18,2144.0
18,18,18,2145.0
18,18,18,2146.0
18,18,18,2147.0
18,18,18,2148.0
18,18,18,2149.0
18,18,18,2150.0
18,18,18,2151.0
18,18,18,2152.0
18,18,18,2153.0
18,18,18,2154.0
18,18,18,2155.0
18,18,18,2156.0
18,18,18,2157.0
18,18,18,2158.0
18,18,18,2159.0
18,18,18,2160.0
18,18,18,2161.0
18,18,18,2162.0
18,18,18,2163.0
18,18,18,2164.0
18,18,18,2165.0
18,18,18,2166.0
18,18,18,2167.0
18,18,18,2168.0
18,18,18,2169.0
18,18,18,2170.0
18,18,18,2171.0
18,18,18,2172.0
18,18,18,2173.0
18,18,18,2174.0
18,18,18,2175.0
18,18,18,2176.0
18,18,18,2177.0
18,18,18,2178.0
19,19,19,2179.0
19,19,19,2180.0
19,19,19,2181.0
19,19,19,2182.0
19,19,19,2183.0
19,19,19,2184.0
19,19,19,2185.0
19,19,19,2186.0
19,19,19,2187.0
19,19,19,2188.0
19,19,19,2189.0
19,19,19,2190.0
19,19,19,2191.0
19,19,19,2192.0
19,19,19,2193.0
19,19,19,2194.0
19,19,19,2195.0
19,19,19,2196.0
19,19,19,2197.0
19,19,19,2198.0
19,19,19,2199.0
19,19,19,2200.0
19,19,19,2201.0
19,19,19,2202.0
19,19,19,2203.0
19,19,19,2204.0
19,19,19,2205.0
19,19,19,2206.0
19,19,19,2207.0
19,19,19,2208.0
19,19,19,2209.0
19,19,19,2210.0
19,19,19,2211.0
19,19,19,2212.0
19,19,19,2213.0
19,19,19,2214.0
19,19,19,2215.0
19,19,19,2216.0
19,19,19,2217.0
19,19,19,2218.0
19,19,19,2219.0
19,19,19,2220.0
19,19,19,2221.0
19,19,19,2222.0
19,19,19,2223.0
19,19,19,2224.0
19,19,19,2225.0
19,19,19,2226.0
19,19,19,2227.0
19,19,19,2228.0
19,19,19,2229.0
19,19,19,2230.0
19,19,19,2231.0
19,19,19,2232.0
19,19,19,2233.0
19,19,19,2234.0
19,19,19,2235.0
19,19,19,2236.0
19,19,19,2237.0
19,19,19,2238.0
19,19,19,2239.0
19,19,19,2240.0
19,19,19,2241.0
19,19,19,2242.0
19,19,19,2243.0
19,19,19,2244.0
19,19,19,2245.0
19,19,19,2246.0
19,19,19,2247.0
19,19,19,2248.0
19,19,19,2249.0
19,19,19,2250.0
19,19,19,2251.0
19,19,19,2252.0
19,19,19,2253.0
19,19,19,2254.0
19,19,19,2255.0
19,19,19,2256.0
19,19,19,2257.0
19,19,19,2258.0
19,19,19,2259.0
19,19,19,2260.0
19,19,19,2261.0
19,19,19,2262.0
19,19,19,2263.0
19,19,19,2264.0
19,19,19,2265.0
19,19,19,2266.0
19,19,19,2267.0
19,19,19,2268.0
19,19,19,2269.0
19,19,19,2270.0
19,19,19,2271.0
19,19,19,2272.0
19,19,19,2273.0
19,19,19,2274.0
19,19,19,2275.0
19,19,19,2276.0
19,19,19,2277.0
19,19,19,2278.0
19,19,19,2279.0
19,19,19,2280.0
19,19,19,2281.0
19,19,19,2282.0
19,19,19,2283.0
19,19,19,2284.0
19,19,19,2285.0
19,19,19,2286.0
19,19,19,2287.0
19,19,19,2288.0
19,19,19,2289.0
19,19,19,2290.0
19,19,19,2291.0
19,19,19,2292.0
19,19,19,2293.0
19,19,19,2294.0
19,19,19,2295.0
19,19,19,2296.0
19,19,19,2297.0
19,19,19,2298.0
19,19,19,2299.0
20,20,20,2300.0
20,20,20,2301.0
20,20,20,2302.0
20,20,20,2303.0
20,20,20,2304.0
20,20,20,2305.0
20,20,20,2306.0
20,20,20,2307.0
20,20,20,2308.0
20,20,20,2309.0
20,20,20,2310.0
20,20,20,2311.0
20,20,20,2312.0
20,20,20,2313.0
20,20,20,2314.0
20,20,20,2315.0
20,20,20,2316.0
20,20,20,2317.0
20,20,20,2318.0
20,20,20,2319.0
20,20,20,2320.0
20,20,20,2321.0
20,20,20,2322.0
20,20,20,2323.0
20,20,20,2324.0
20,20,20,2325.0
20,20,20,2326.0
20,20,20,2327.0
20,20,20,2328.0
20,20,20,2329.0
20,20,20,2330.0
20,20,20,2331.0
20,20,20,2332.0
20,20,20,2333.0
20,20,20,2334.0
20,20,20,2335.0
20,20,20,2336.0
20,20,20,2337.0
20,20,20,2338.0
20,20,20,2339.0
20,20,20,2340.0
20,20,20,2341.0
20,20,20,2342.0
20,20,20,2343.0
20,20,20,2344.0
20,20,20,2345.0
20,20,20,2346.0
20,20,20,2347.0
20,20,20,2348.0
20,20,20,2349.0
20,20,20,2350.0
20,20,20,2351.0
20,20,20,2352.0
20,20,20,2353.0
20,20,20,2354.0
20,20,20,2355.0
20,20,20,2356.0
20,20,20,2357.0
20,20,20,2358.0
20,20,20,2359.0
20,20,20,2360.0
20,20,20,2361.0
20,20,20,2362.0
20,20,20,2363.0
20,20,20,2364.0
20,20,20,2365.0
20,20,20,2366.0
20,20,20,2367.0
20,20,20,2368.0
20,20,20,2369.0
20,20,20,2370.0
20,20,20,2371.0
20,20,20,2372.0
20,20,20,2373.0
20,20,20,2374.0
20,20,20,2375.0
20,20,20,2376.0
20,20,20,2377.0
20,20,20,2378.0
20,20,20,2379.0
20,20,20,2380.0
20,20,20,2381.0
20,20,20,2382.0
20,20,20,2383.0
20,20,20,2384.0
20,20,20,2385.0
20,20,20,2386.0
20,20,20,2387.0
20,20,20,2388.0
20,20,20,2389.0
20,20,20,2390.0
20,20,20,2391.0
20,20,20,2392.0
20,20,20,2393.0
20,20,20,2394.0
20,20,20,2395.0
20,20,20,2396.0
20,20,20,2397.0
20,20,20,2398.0
20,20,20,2399.0
20,20,20,2400.0
20,20,20,2401.0
20,20,20,2402.0
20,20,20,2403.0
20,20,20,2404.0
20,20,20,2405.0
20,20,20,2406.0
20,20,20,2407.0
20,20,20,2408.0
20,20,20,2409.0
20,20,20,2410.0
20,20,20,2411.0
20,20,20,2412.0
20,20,20,2413.0
20,20,20,2414.0
20,20,20,2415.0
20,20,20,2416.0
20,20,20,2417.0
20,20,20,2418.0
20,20,20,2419.0
20,20,20,2420.0
21,21,21,2421.0
21,21,21,2422.0
21,21,21,2423.0
21,21,21,2424.0
21,21,21,2425.0
21,21,21,2426.0
21,21,21,2427.0
21,21,21,2428.0
21,21,21,2429.0
21,21,21,2430.0
21,21,21,2431.0
21,21,21,2432.0
21,21,21,2433.0
21,21,21,2434.0
21,21,21,2435.0
21,21,21,2436.0
21,21,21,2437.0
21,21,21,2438.0
21,21,21,2439.0
21,21,21,2440.0
21,21,21,2441.0
21,21,21,2442.0
21,21,21,2443.0
21,21,21,2444.0
21,21,21,2445.0
21,21,21,2446.0
21,21,21,2447.0
21,21,21,2448.0
21,21,21,2449.0
21,21,21,2450.0
21,21,21,2451.0
21,21,21,2452.0
21,21,21,2453.0
21,21,21,2454.0
21,21,21,2455.0
21,21,21,2456.0
21,21,21,2457.0
21,21,21,2458.0
21,21,21,2459.0
21,21,21,2460.0
21,21,21,2461.0
21,21,21,2462.0
21,21,21,2463.0
21,21,21,2464.0
21,21,21,2465.0
21,21,21,2466.0
21,21,21,2467.0
21,21,21,2468.0
21,21,21,2469.0
21,21,21,2470.0
21,21,21,2471.0
21,21,21,2472.0
21,21,21,2473.0
21,21,21,2474.0
21,21,21,2475.0
21,21,21,2476.0
21,21,21,2477.0
21,21,21,2478.0
21,21,21,2479.0
21,21,21,2480.0
21,21,21,2481.0
21,21,21,2482.0
21,21,21,2483.0
21,21,21,2484.0
21,21,21,2485.0
21,21,21,2486.0
21,21,21,2487.0
21,21,21,2488.0
21,21,21,2489.0
21,21,21,2490.0
21,21,21,2491.0
21,21,21,2492.0
21,21,21,2493.0
21,21,21,2494.0
21,21,21,2495.0
21,21,21,2496.0
21,21,21,2497.0
21,21,21,2498.0
21,21,21,2499.0
21,21,21,2500.0
21,21,21,2501.0
21,21,21,2502.0
21,21,21,2503.0
21,21,21,2504.0
21,21,21,2505.0
21,21,21,2506.0
21,21,21,2507.0
21,21,21,2508.0
21,21,21,2509.0
21,21,21,2510.0
21,21,21,2511.0
21,21,21,2512.0
21,21,21,2513.0
21,21,21,2514.0
21,21,21,2515.0
21,21,21,2516.0
21,21,21,2517.0
21,21,21,2518.0
21,21,21,2519.0
21,21,21,2520.0
21,21,21,2521.0
21,21,21,2522.0
21,21,21,2523.0
21,21,21,2524.0
21,21,21,2525.0
21,21,21,2526.0
21,21,21,2527.0
21,21,21,2528.0
21,21,21,2529.0
21,21,21,2530.0
21,21,21,2531.0
21,21,21,2532.0
21,21,21,2533.0
21,21,21,2534.0
21,21,21,2535.0
21,21,21,2536.0
21,21,21,2537.0
21,21,21,2538.0
21,21,21,2539.0
21,21,21,2540.0
21,21,21,2541.0
22,22,22,2542.0
22,22,22,2543.0
22,22,22,2544.0
22,22,22,2545.0
22,22,22,2546.0
22,22,22,2547.0
22,22,22,2548.0
22,22,22,2549.0
22,22,22,2550.0
22,22,22,2551.0
22,22,22,2552.0
22,22,22,2553.0
22,22,22,2554.0
22,22,22,2555.0
22,22,22,2556.0
22,22,22,2557.0
22,22,22,2558.0
22,22,22,2559.0
22,22,22,2560.0
22,22,22,2561.0
22,22,22,2562.0
22,22,22,2563.0
22,22,22,2564.0
22,22,22,2565.0
22,22,22,2566.0
22,22,22,2567.0
22,22,22,2568.0
22,22,22,2569.0
22,22,22,2570.0
22,22,22,2571.0
22,22,22,2572.0
22,22,22,2573.0
22,22,22,2574.0
22,22,22,2575.0
22,22,22,2576.0
22,22,22,2577.0
22,22,22,2578.0
22,22,22,2579.0
22,22,22,2580.0
22,22,22,2581.0
22,22,22,2582.0
22,22,22,2583.0
22,22,22,2584.0
22,22,22,2585.0
22,22,22,2586.0
22,22,22,2587.0
22,22,22,2588.0
22,22,22,2589.0
22,22,22,2590.0
22,22,22,2591.0
22,22,22,2592.0
22,22,22,2593.0
22,22,22,2594.0
22,22,22,2595.0
22,22,22,2596.0
22,22,22,2597.0
22,22,22,2598.0
22,22,22,2599.0
22,22,22,2600.0
22,22,22,2601.0
22,22,22,2602.0
22,22,22,2603.0
22,22,22,2604.0
22,22,22,2605.0
22,22,22,2606.0
22,22,22,2607.0
22,22,22,2608.0
22,22,22,2609.0
22,22,22,2610.0
22,22,22,2611.0
22,22,22,2612.0
22,22,22,2613.0
22,22,22,2614.0
22,22,22,2615.0
22,22,22,2616.0
22,22,22,2617.0
22,22,22,2618.0
22,22,22,2619.0
22,22,22,2620.0
22,22,22,2621.0
22,22,22,2622.0
22,22,22,2623.0
22,22,22,2624.0
22,22,22,2625.0
22,22,22,2626.0
22,22,22,2627.0
22,22,22,2628.0
22,22,22,2629.0
22,22,22,2630.0
22,22,22,2631.0
22,22,22,2632.0
22,22,22,2633.0
22,22,22,2634.0
22,22,22,2635.0
22,22,22,2636.0
22,22,22,2637.0
22,22,22,2638.0
22,22,22,2639.0
22,22,22,2640.0
22,22,22,2641.0
22,22,22,2642.0
22,22,22,2643.0
22,22,22,2644.0
22,22,22,2645.0
22,22,22,2646.0
22,22,22,2647.0
22,22,22,2648.0
22,22,22,2649.0
22,22,22,2650.0
22,22,22,2651.0
22,22,22,2652.0
22,22,22,2653.0
22,22,22,2654.0
22,22,22,2655.0
22,22,22,2656.0
22,22,22,2657.0
22,22,22,2658.0
22,22,22,2659.0
22,22,22,2660.0
22,22,22,2661.0
22,22,22,2662.0
23,23,23,2663.0
23,23,23,2664.0
23,23,23,2665.0
23,23,23,2666.0
23,23,23,2667.0
23,23,23,2668.0
23,23,23,2669.0
23,23,23,2670.0
23,23,23,2671.0
23,23,23,2672.0
23,23,23,2673.0
23,23,23,2674.0
23,23,23,2675.0
23,23,23,2676.0
23,23,23,2677.0
23,23,23,2678.0
23,23,23,2679.0
23,23,23,2680.0
23,23,23,2681.0
23,23,23,2682.0
23,23,23,2683.0
23,23,23,2684.0
23,23,23,2685.0
23,23,23,2686.0
23,23,23,2687.0
23,23,23,2688.0
23,23,23,2689.0
23,23,23,2690.0
23,23,23,2691.0
23,23,23,2692.0
23,23,23,2693.0
23,23,23,2694.0
23,23,23,2695.0
23,23,23,2696.0
23,23,23,2697.0
23,23,23,2698.0
23,23,23,2699.0
23,23,23,2700.0
23,23,23,2701.0
23,23,23,2702.0
23,23,23,2703.0
23,23,23,2704.0
23,23,23,2705.0
23,23,23,2706.0
23,23,23,2707.0
23,23,23,2708.0
23,23,23,2709.0
23,23,23,2710.0
23,23,23,2711.0
23,23,23,2712.0
23,23,23,2713.0
23,23,23,2714.0
23,23,23,2715.0
23,23,23,2716.0
23,23,23,2717.0
23,23,23,2718.0
23,23,23,2719.0
23,23,23,2720.0
23,23,23,2721.0
23,23,23,2722.0
23,23,23,2723.0
23,23,23,2724.0
23,23,23,2725.0
23,23,23,2726.0
23,23,23,2727.0
23,23,23,2728.0
23,23,23,2729.0
23,23,23,2730.0
23,23,23,2731.0
23,23,23,2732.0
23,23,23,2733.0
23,23,23,2734.0
23,23,23,2735.0
23,23,23,2736.0
23,23,23,2737.0
23,23,23,2738.0
23,23,23,2739.0
23,23,23,2740.0
23,23,23,2741.0
23,23,23,2742.0
23,23,23,2743.0
23,23,23,2744.0
23,23,23,2745.0
23,23,23,2746.0
23,23,23,2747.0
23,23,23,2748.0
23,23,23,2749.0
23,23,23,2750.0
23,23,23,2751.0
23,23,23,2752.0
23,23,23,2753.0
23,23,23,2754.0
23,23,23,2755.0
23,23,23,2756.0
23,23,23,2757.0
23,23,23,2758.0
23,23,23,2759.0
23,23,23,2760.0
23,23,23,2761.0
23,23,23,2762.0
23,23,23,2763.0
23,23,23,2764.0
23,23,23,2765.0
23,23,23,2766.0
23,23,23,2767.0
23,23,23,2768.0
23,23,23,2769.0
23,23,23,2770.0
23,23,23,2771.0
23,23,23,2772.0
23,23,23,2773.0
23,23,23,2774.0
23,23,23,2775.0
23,23,23,2776.0
23,23,23,2777.0
23,23,23,2778.0
23,23,23,2779.0
23,23,23,2780.0
23,23,23,2781.0
23,23,23,2782.0
23,23,23,2783.0
24,24,24,2784.0
24,24,24,2785.0
24,24,24,2786.0
24,24,24,2787.0
24,24,24,2788.0
24,24,24,2789.0
24,24,24,2790.0
24,24,24,2791.0
24,24,24,2792.0
24,24,24,2793.0
24,24,24,2794.0
24,24,24,2795.0
24,24,24,2796.0
24,24,24,2797.0
24,24,24,2798.0
24,24,24,2799.0
24,24,24,2800.0
24,24,24,2801.0
24,24,24,2802.0
24,24,24,2803.0
24,24,24,2804.0
24,24,24,2805.0
24,24,24,2806.0
24,24,24,2807.0
24,24,24,2808.0
24,24,24,2809.0
24,24,24,2810.0
24,24,24,2811.0
24,24,24,2812.0
24,24,24,2813.0
24,24,24,2814.0
24,24,24,2815.0
24,24,24,2816.0
24,24,24,2817.0
24,24,24,2818.0
24,24,24,2819.0
24,24,24,2820.0
24,24,24,2821.0
24,24,24,2822.0
24,24,24,2823.0
24,24,24,2824.0
24,24,24,2825.0
24,24,24,2826.0
24,24,24,2827.0
24,24,24,2828.0
24,24,24,2829.0
24,24,24,2830.0
24,24,24,2831.0
24,24,24,2832.0
24,24,24,2833.0
24,24,24,2834.0
24,24,24,2835.0
24,24,24,2836.0
24,24,24,2837.0
24,24,24,2838.0
24,24,24,2839.0
24,24,24,2840.0
24,24,24,2841.0
24,24,24,2842.0
24,24,24,2843.0
24,24,24,2844.0
24,24,24,2845.0
24,24,24,2846.0
24,24,24,2847.0
24,24,24,2848.0
24,24,24,2849.0
24,24,24,2850.0
24,24,24,2851.0
24,24,24,2852.0
24,24,24,2853.0
24,24,24,2854.0
24,24,24,2855.0
24,24,24,2856.0
24,24,24,2857.0
24,24,24,2858.0
24,24,24,2859.0
24,24,24,2860.0
24,24,24,2861.0
24,24,24,2862.0
24,24,24,2863.0
24,24,24,2864.0
24,24,24,2865.0
24,24,24,2866.0
24,24,24,2867.0
24,24,24,2868.0
24,24,24,2869.0
24,24,24,2870.0
24,24,24,2871.0
24,24,24,2872.0
24,24,24,2873.0
24,24,24,2874.0
24,24,24,2875.0
24,24,24,2876.0
24,24,24,2877.0
24,24,24,2878.0
24,24,24,2879.0
24,24,24,2880.0
24,24,24,2881.0
24,24,24,2882.0
24,24,24,2883.0
24,24,24,2884.0
24,24,24,2885.0
24,24,24,2886.0
24,24,24,2887.0
24,24,24,2888.0
24,24,24,2889.0
24,24,24,2890.0
24,24,24,2891.0
24,24,24,2892.0
24,24,24,2893.0
24,24,24,2894.0
24,24,24,2895.0
24,24,24,2896.0
24,24,24,2897.0
24,24,24,2898.0
24,24,24,2899.0
24,24,24,2900.0
24,24,24,2901.0
24,24,24,2902.0
24,24,24,2903.0
24,24,24,2904.0
25,25,25,2905.0
25,25,25,2906.0
25,25,25,2907.0
25,25,25,2908.0
25,25,25,2909.0
25,25,25,2910.0
25,25,25,2911.0
25,25,25,2912.0
25,25,25,2913.0
25,25,25,2914.0
25,25,25,2915.0
25,25,25,2916.0
25,25,25,2917.0
25,25,25,2918.0
25,25,25,2919.0
25,25,25,2920.0
25,25,25,2921.0
25,25,25,2922.0
25,25,25,2923.0
25,25,25,2924.0
25,25,25,2925.0
25,25,25,2926.0
25,25,25,2927.0
25,25,25,2928.0
25,25,25,2929.0
25,25,25,2930.0
25,25,25,2931.0
25,25,25,2932.0
25,25,25,2933.0
25,25,25,2934.0
25,25,25,2935.0
25,25,25,2936.0
25,25,25,2937.0
25,25,25,2938.0
25,25,25,2939.0
25,25,25,2940.0
25,25,25,2941.0
25,25,25,2942.0
25,25,25,2943.0
25,25,25,2944.0
25,25,25,2945.0
25,25,25,2946.0
25,25,25,2947.0
25,25,25,2948.0
25,25,25,2949.0
25,25,25,2950.0
25,25,25,2951.0
25,25,25,2952.0
25,25,25,2953.0
25,25,25,2954.0
25,25,25,2955.0
25,25,25,2956.0
25,25,25,2957.0
25,25,25,2958.0
25,25,25,2959.0
25,25,25,2960.0
25,25,25,2961.0
25,25,25,2962.0
25,25,25,2963.0
25,25,25,2964.0
25,25,25,2965.0
25,25,25,2966.0
25,25,25,2967.0
25,25,25,2968.0
25,25,25,2969.0
25,25,25,2970.0
25,25,25,2971.0
25,25,25,2972.0
25,25,25,2973.0
25,25,25,2974.0
25,25,25,2975.0
25,25,25,2976.0
25,25,25,2977.0
25,25,25,2978.0
25,25,25,2979.0
25,25,25,2980.0
25,25,25,2981.0
25,25,25,2982.0
25,25,25,2983.0
25,25,25,2984.0
25,25,25,2985.0
25,25,25,2986.0
25,25,25,2987.0
25,25,25,2988.0
25,25,25,2989.0
25,25,25,2990.0
25,25,25,2991.0
25,25,25,2992.0
25,25,25,2993.0
25,25,25,2994.0
25,25,25,2995.0
25,25,25,2996.0
25,25,25,2997.0
25,25,25,2998.0
25,25,25,2999.0
25,25,25,3000.0
25,25,25,3001.0
25,25,25,3002.0
25,25,25,3003.0
25,25,25,3004.0
25,25,25,3005.0
25,25,25,3006.0
25,25,25,3007.0
25,25,25,3008.0
25,25,25,3009.0
25,25,25,3010.0
25,25,25,3011.0
25,25,25,3012.0
25,25,25,3013.0
25,25,25,3014.0
25,25,25,3015.0
25,25,25,3016.0
25,25,25,3017.0
25,25,25,3018.0
25,25,25,3019.0
25,25,25,3020.0
25,25,25,3021.0
25,25,25,3022.0
25,25,25,3023.0
25,25,25,3024.0
25,25,25,3025.0
26,26,26,3026.0
26,26,26,3027.0
26,26,26,3028.0
26,26,26,3029.0
26,26,26,3030.0
26,26,26,3031.0
26,26,26,3032.0
26,26,26,3033.0
26,26,26,3034.0
26,26,26,3035.0
26,26,26,3036.0
26,26,26,3037.0
26,26,26,3038.0
26,26,26,3039.0
26,26,26,3040.0
26,26,26,3041.0
26,26,26,3042.0
26,26,26,3043.0
26,26,26,3044.0
26,26,26,3045.0
26,26,26,3046.0
26,26,26,3047.0
26,26,26,3048.0
26,26,26,3049.0
26,26,26,3050.0
26,26,26,3051.0
26,26,26,3052.0
26,26,26,3053.0
26,26,26,3054.0
26,26,26,3055.0
26,26,26,3056.0
26,26,26,3057.0
26,26,26,3058.0
26,26,26,3059.0
26,26,26,3060.0
26,26,26,3061.0
26,26,26,3062.0
26,26,26,3063.0
26,26,26,3064.0
26,26,26,3065.0
26,26,26,3066.0
26,26,26,3067.0
26,26,26,3068.0
26,26,26,3069.0
26,26,26,3070.0
26,26,26,3071.0
26,26,26,3072.0
26,26,26,3073.0
26,26,26,3074.0
26,26,26,3075.0
26,26,26,3076.0
26,26,26,3077.0
26,26,26,3078.0
26,26,26,3079.0
26,26,26,3080.0
26,26,26,3081.0
26,26,26,3082.0
26,26,26,3083.0
26,26,26,3084.0
26,26,26,3085.0
26,26,26,3086.0
26,26,26,3087.0
26,26,26,3088.0
26,26,26,3089.0
26,26,26,3090.0
26,26,26,3091.0
26,26,26,3092.0
26,26,26,3093.0
26,26,26,3094.0
26,26,26,3095.0
26,26,26,3096.0
26,26,26,3097.0
26,26,26,3098.0
26,26,26,3099.0
26,26,26,3100.0
26,26,26,3101.0
26,26,26,3102.0
26,26,26,3103.0
26,26,26,3104.0
26,26,26,3105.0
26,26,26,3106.0
26,26,26,3107.0
26,26,26,3108.0
26,26,26,3109.0
26,26,26,3110.0
26,26,26,3111.0
26,26,26,3112.0
26,26,26,3113.0
26,26,26,3114.0
26,26,26,3115.0
26,26,26,3116.0
26,26,26,3117.0
26,26,26,3118.0
26,26,26,3119.0
26,26,26,3120.0
26,26,26,3121.0
26,26,26,3122.0
26,26,26,3123.0
26,26,26,3124.0
26,26,26,3125.0
26,26,26,3126.0
26,26,26,3127.0
26,26,26,3128.0
26,26,26,3129.0
26,26,26,3130.0
26,26,26,3131.0
26,26,26,3132.0
26,26,26,3133.0
26,26,26,3134.0
26,26,26,3135.0
26,26,26,3136.0
26,26,26,3137.0
26,26,26,3138.0
26,26,26,3139.0
26,26,26,3140.0
26,26,26,3141.0
26,26,26,3142.0
26,26,26,3143.0
26,26,26,3144.0
26,26,26,3145.0
26,26,26,3146.0
27,27,27,3147.0
27,27,27,3148.0
27,27,27,3149.0
27,27,27,3150.0
27,27,27,3151.0
27,27,27,3152.0
27,27,27,3153.0
27,27,27,3154.0
27,27,27,3155.0
27,27,27,3156.0
27,27,27,3157.0
27,27,27,3158.0
27,27,27,3159.0
27,27,27,3160.0
27,27,27,3161.0
27,27,27,3162.0
27,27,27,3163.0
27,27,27,3164.0
27,27,27,3165.0
27,27,27,3166.0
27,27,27,3167.0
27,27,27,3168.0
27,27,27,3169.0
27,27,27,3170.0
27,27,27,3171.0
27,27,27,3172.0
27,27,27,3173.0
27,27,27,3174.0
27,27,27,3175.0
27,27,27,3176.0
27,27,27,3177.0
27,27,27,3178.0
27,27,27,3179.0
27,27,27,3180.0
27,27,27,3181.0
27,27,27,3182.0
27,27,27,3183.0
27,27,27,3184.0
27,27,27,3185.0
27,27,27,3186.0
27,27,27,3187.0
27,27,27,3188.0
27,27,27,3189.0
27,27,27,3190.0
27,27,27,3191.0
27,27,27,3192.0
27,27,27,3193.0
27,27,27,3194.0
27,27,27,3195.0
27,27,27,3196.0
27,27,27,3197.0
27,27,27,3198.0
27,27,27,3199.0
27,27,27,3200.0
27,27,27,3201.0
27,27,27,3202.0
27,27,27,3203.0
27,27,27,3204.0
27,27,27,3205.0
27,27,27,3206.0
27,27,27,3207.0
27,27,27,3208.0
27,27,27,3209.0
27,27,27,3210.0
27,27,27,3211.0
27,27,27,3212.0
27,27,27,3213.0
27,27,27,3214.0
27,27,27,3215.0
27,27,27,3216.0
27,27,27,3217.0
27,27,27,3218.0
27,27,27,3219.0
27,27,27,3220.0
27,27,27,3221.0
27,27,27,3222.0
27,27,27,3223.0
27,27,27,3224.0
27,27,27,3225.0
27,27,27,3226.0
27,27,27,3227.0
27,27,27,3228.0
27,27,27,3229.0
27,27,27,3230.0
27,27,27,3231.0
27,27,27,3232.0
27,27,27,3233.0
27,27,27,3234.0
27,27,27,3235.0
27,27,27,3236.0
27,27,27,3237.0
27,27,27,3238.0
27,27,27,3239.0
27,27,27,3240.0
27,27,27,3241.0
27,27,27,3242.0
27,27,27,3243.0
27,27,27,3244.0
27,27,27,3245.0
27,27,27,3246.0
27,27,27,3247.0
27,27,27,3248.0
27,27,27,3249.0
27,27,27,3250.0
27,27,27,3251.0
27,27,27,3252.0
27,27,27,3253.0
27,27,27,3254.0
27,27,27,3255.0
27,27,27,3256.0
27,27,27,3257.0
27,27,27,3258.0
27,27,27,3259.0
27,27,27,3260.0
27,27,27,3261.0
27,27,27,3262.0
27,27,27,3263.0
27,27,27,3264.0
27,27,27,3265.0
27,27,27,3266.0
27,27,27,3267.0
28,28,28,3268.0
28,28,28,3269.0
28,28,28,3270.0
28,28,28,3271.0
28,28,28,3272.0
28,28,28,3273.0
28,28,28,3274.0
28,28,28,3275.0
28,28,28,3276.0
28,28,28,3277.0
28,28,28,3278.0
28,28,28,3279.0
28,28,28,3280.0
28,28,28,3281.0
28,28,28,3282.0
28,28,28,3283.0
28,28,28,3284.0
28,28,28,3285.0
28,28,28,3286.0
28,28,28,3287.0
28,28,28,3288.0
28,28,28,3289.0
28,28,28,3290.0
28,28,28,3291.0
28,28,28,3292.0
28,28,28,3293.0
28,28,28,3294.0
28,28,28,3295.0
28,28,28,3296.0
28,28,28,3297.0
28,28,28,3298.0
28,28,28,3299.0
28,28,28,3300.0
28,28,28,3301.0
28,28,28,3302.0
28,28,28,3303.0
28,28,28,3304.0
28,28,28,3305.0
28,28,28,3306.0
28,28,28,3307.0
28,28,28,3308.0
28,28,28,3309.0
28,28,28,3310.0
28,28,28,3311.0
28,28,28,3312.0
28,28,28,3313.0
28,28,28,3314.0
28,28,28,3315.0
28,28,28,3316.0
28,28,28,3317.0
28,28,28,3318.0
28,28,28,3319.0
28,28,28,3320.0
28,28,28,3321.0
28,28,28,3322.0
28,28,28,3323.0
28,28,28,3324.0
28,28,28,3325.0
28,28,28,3326.0
28,28,28,3327.0
28,28,28,3328.0
28,28,28,3329.0
28,28,28,3330.0
28,28,28,3331.0
28,28,28,3332.0
28,28,28,3333.0
28,28,28,3334.0
28,28,28,3335.0
28,28,28,3336.0
28,28,28,3337.0
28,28,28,3338.0
28,28,28,3339.0
28,28,28,3340.0
28,28,28,3341.0
28,28,28,3342.0
28,28,28,3343.0
28,28,28,3344.0
28,28,28,3345.0
28,28,28,3346.0
28,28,28,3347.0
28,28,28,3348.0
28,28,28,3349.0
28,28,28,3350.0
28,28,28,3351.0
28,28,28,3352.0
28,28,28,3353.0
28,28,28,3354.0
28,28,28,3355.0
28,28,28,3356.0
28,28,28,3357.0
28,28,28,3358.0
28,28,28,3359.0
28,28,28,3360.0
28,28,28,3361.0
28,28,28,3362.0
28,28,28,3363.0
28,28,28,3364.0
28,28,28,3365.0
28,28,28,3366.0
28,28,28,3367.0
28,28,28,3368.0
28,28,28,3369.0
28,28,28,3370.0
28,28,28,3371.0
28,28,28,3372.0
28,28,28,3373.0
28,28,28,3374.0
28,28,28,3375.0
28,28,28,3376.0
28,28,28,3377.0
28,28,28,3378.0
28,28,28,3379.0
28,28,28,3380.0
28,28,28,3381.0
28,28,28,3382.0
28,28,28,3383.0
28,28,28,3384.0
28,28,28,3385.0
28,28,28,3386.0
28,28,28,3387.0
28,28,28,3388.0
29,29,29,3389.0
29,29,29,3390.0
29,29,29,3391.0
29,29,29,3392.0
29,29,29,3393.0
29,29,29,3394.0
29,29,29,3395.0
29,29,29,3396.0
29,29,29,3397.0
29,29,29,3398.0
29,29,29,3399.0
29,29,29,3400.0
29,29,29,3401.0
29,29,29,3402.0
29,29,29,3403.0
29,29,29,3404.0
29,29,29,3405.0
29,29,29,3406.0
29,29,29,3407.0
29,29,29,3408.0
29,29,29,3409.0
29,29,29,3410.0
29,29,29,3411.0
29,29,29,3412.0
29,29,29,3413.0
29,29,29,3414.0
29,29,29,3415.0
29,29,29,3416.0
29,29,29,3417.0
29,29,29,3418.0
29,29,29,3419.0
29,29,29,3420.0
29,29,29,3421.0
29,29,29,3422.0
29,29,29,3423.0
29,29,29,3424.0
29,29,29,3425.0
29,29,29,3426.0
29,29,29,3427.0
29,29,29,3428.0
29,29,29,3429.0
29,29,29,3430.0
29,29,29,3431.0
29,29,29,3432.0
29,29,29,3433.0
29,29,29,3434.0
29,29,29,3435.0
29,29,29,3436.0
29,29,29,3437.0
29,29,29,3438.0
29,29,29,3439.0
29,29,29,3440.0
29,29,29,3441.0
29,29,29,3442.0
29,29,29,3443.0
29,29,29,3444.0
29,29,29,3445.0
29,29,29,3446.0
29,29,29,3447.0
29,29,29,3448.0
29,29,29,3449.0
29,29,29,3450.0
29,29,29,3451.0
29,29,29,3452.0
29,29,29,3453.0
29,29,29,3454.0
29,29,29,3455.0
29,29,29,3456.0
29,29,29,3457.0
29,29,29,3458.0
29,29,29,3459.0
29,29,29,3460.0
29,29,29,3461.0
29,29,29,3462.0
29,29,29,3463.0
29,29,29,3464.0
29,29,29,3465.0
29,29,29,3466.0
29,29,29,3467.0
29,29,29,3468.0
29,29,29,3469.0
29,29,29,3470.0
29,29,29,3471.0
29,29,29,3472.0
29,29,29,3473.0
29,29,29,3474.0
29,29,29,3475.0
29,29,29,3476.0
29,29,29,3477.0
29,29,29,3478.0
29,29,29,3479.0
29,29,29,3480.0
29,29,29,3481.0
29,29,29,3482.0
29,29,29,3483.0
29,29,29,3484.0
29,29,29,3485.0
29,29,29,3486.0
29,29,29,3487.0
29,29,29,3488.0
29,29,29,3489.0
29,29,29,3490.0
29,29,29,3491.0
29,29,29,3492.0
29,29,29,3493.0
29,29,29,3494.0
29,29,29,3495.0
29,29,29,3496.0
29,29,29,3497.0
29,29,29,3498.0
29,29,29,3499.0
29,29,29,3500.0
29,29,29,3501.0
29,29,29,3502.0
29,29,29,3503.0
29,29,29,3504.0
29,29,29,3505.0
29,29,29,3506.0
29,29,29,3507.0
29,29,29,3508.0
29,29,29,3509.0
30,30,30,3510.0
30,30,30,3511.0
30,30,30,3512.0
30,30,30,3513.0
30,30,30,3514.0
30,30,30,3515.0
30,30,30,3516.0
30,30,30,3517.0
30,30,30,3518.0
30,30,30,3519.0
30,30,30,3520.0
30,30,30,3521.0
30,30,30,3522.0
30,30,30,3523.0
30,30,30,3524.0
30,30,30,3525.0
30,30,30,3526.0
30,30,30,3527.0
30,30,30,3528.0
30,30,30,3529.0
30,30,30,3530.0
30,30,30,3531.0
30,30,30,3532.0
30,30,30,3533.0
30,30,30,3534.0
30,30,30,3535.0
30,30,30,3536.0
30,30,30,3537.0
30,30,30,3538.0
30,30,30,3539.0
30,30,30,3540.0
30,30,30,3541.0
30,30,30,3542.0
30,30,30,3543.0
30,30,30,3544.0
30,30,30,3545.0
30,30,30,3546.0
30,30,30,3547.0
30,30,30,3548.0
30,30,30,3549.0
30,30,30,3550.0
30,30,30,3551.0
30,30,30,3552.0
30,30,30,3553.0
30,30,30,3554.0
30,30,30,3555.0
30,30,30,3556.0
30,30,30,3557.0
30,30,30,3558.0
30,30,30,3559.0
30,30,30,3560.0
30,30,30,3561.0
30,30,30,3562.0
30,30,30,3563.0
30,30,30,3564.0
30,30,30,3565.0
30,30,30,3566.0
30,30,30,3567.0
30,30,30,3568.0
30,30,30,3569.0
30,30,30,3570.0
30,30,30,3571.0
30,30,30,3572.0
30,30,30,3573.0
30,30,30,3574.0
30,30,30,3575.0
30,30,30,3576.0
30,30,30,3577.0
30,30,30,3578.0
30,30,30,3579.0
30,30,30,3580.0
30,30,30,3581.0
30,30,30,3582.0
30,30,30,3583.0
30,30,30,3584.0
30,30,30,3585.0
30,30,30,3586.0
30,30,30,3587.0
30,30,30,3588.0
30,30,30,3589.0
30,30,30,3590.0
30,30,30,3591.0
30,30,30,3592.0
30,30,30,3593.0
30,30,30,3594.0
30,30,30,3595.0
30,30,30,3596.0
30,30,30,3597.0
30,30,30,3598.0
30,30,30,3599.0
30,30,30,3600.0
30,30,30,3601.0
30,30,30,3602.0
30,30,30,3603.0
30,30,30,3604.0
30,30,30,3605.0
30,30,30,3606.0
30,30,30,3607.0
30,30,30,3608.0
30,30,30,3609.0
30,30,30,3610.0
30,30,30,3611.0
30,30,30,3612.0
30,30,30,3613.0
30,30,30,3614.0
30,30,30,3615.0
30,30,30,3616.0
30,30,30,3617.0
30,30,30,3618.0
30,30,30,3619.0
30,30,30,3620.0
30,30,30,3621.0
30,30,30,3622.0
30,30,30,3623.0
30,30,30,3624.0
30,30,30,3625.0
30,30,30,3626.0
30,30,30,3627.0
30,30,30,3628.0
30,30,30,3629.0
30,30,30,3630.0
31,31,31,3631.0
31,31,31,3632.0
31,31,31,3633.0
31,31,31,3634.0
31,31,31,3635.0
31,31,31,3636.0
31,31,31,3637.0
31,31,31,3638.0
31,31,31,3639.0
31,31,31,3640.0
31,31,31,3641.0
31,31,31,3642.0
31,31,31,3643.0
31,31,31,3644.0
31,31,31,3645.0
31,31,31,3646.0
31,31,31,3647.0
31,31,31,3648.0
31,31,31,3649.0
31,31,31,3650.0
31,31,31,3651.0
31,31,31,3652.0
31,31,31,3653.0
31,31,31,3654.0
31,31,31,3655.0
31,31,31,3656.0
31,31,31,3657.0
31,31,31,3658.0
31,31,31,3659.0
31,31,31,3660.0
31,31,31,3661.0
31,31,31,3662.0
31,31,31,3663.0
31,31,31,3664.0
31,31,31,3665.0
31,31,31,3666.0
31,31,31,3667.0
31,31,31,3668.0
31,31,31,3669.0
31,31,31,3670.0
31,31,31,3671.0
31,31,31,3672.0
31,31,31,3673.0
31,31,31,3674.0
31,31,31,3675.0
31,31,31,3676.0
31,31,31,3677.0
31,31,31,3678.0
31,31,31,3679.0
31,31,31,3680.0
31,31,31,3681.0
31,31,31,3682.0
31,31,31,3683.0
31,31,31,3684.0
31,31,31,3685.0
31,31,31,3686.0
31,31,31,3687.0
31,31,31,3688.0
31,31,31,3689.0
31,31,31,3690.0
31,31,31,3691.0
31,31,31,3692.0
31,31,31,3693.0
31,31,31,3694.0
31,31,31,3695.0
31,31,31,3696.0
31,31,31,3697.0
31,31,31,3698.0
31,31,31,3699.0
31,31,31,3700.0
31,31,31,3701.0
31,31,31,3702.0
31,31,31,3703.0
31,31,31,3704.0
31,31,31,3705.0
31,31,31,3706.0
31,31,31,3707.0
31,31,31,3708.0
31,31,31,3709.0
31,31,31,3710.0
31,31,31,3711.0
31,31,31,3712.0
31,31,31,3713.0
31,31,31,3714.0
31,31,31,3715.0
31,31,31,3716.0
31,31,31,3717.0
31,31,31,3718.0
31,31,31,3719.0
31,31,31,3720.0
31,31,31,3721.0
31,31,31,3722.0
31,31,31,3723.0
31,31,31,3724.0
31,31,31,3725.0
31,31,31,3726.0
31,31,31,3727.0
31,31,31,3728.0
31,31,31,3729.0
31,31,31,3730.0
31,31,31,3731.0
31,31,31,3732.0
31,31,31,3733.0
31,31,31,3734.0
31,31,31,3735.0
31,31,31,3736.0
31,31,31,3737.0
31,31,31,3738.0
31,31,31,3739.0
31,31,31,3740.0
31,31,31,3741.0
31,31,31,3742.0
31,31,31,3743.0
31,31,31,3744.0
31,31,31,3745.0
31,31,31,3746.0
31,31,31,3747.0
31,31,31,3748.0
31,31,31,3749.0
31,31,31,3750.0
31,31,31,3751.0
32,32,32,3752.0
32,32,32,3753.0
32,32,32,3754.0
32,32,32,3755.0
32,32,32,3756.0
32,32,32,3757.0
32,32,32,3758.0
32,32,32,3759.0
32,32,32,3760.0
32,32,32,3761.0
32,32,32,3762.0
32,32,32,3763.0
32,32,32,3764.0
32,32,32,3765.0
32,32,32,3766.0
32,32,32,3767.0
32,32,32,3768.0
32,32,32,3769.0
32,32,32,3770.0
32,32,32,3771.0
32,32,32,3772.0
32,32,32,3773.0
32,32,32,3774.0
32,32,32,3775.0
32,32,32,3776.0
32,32,32,3777.0
32,32,32,3778.0
32,32,32,3779.0
32,32,32,3780.0
32,32,32,3781.0
32,32,32,3782.0
32,32,32,3783.0
32,32,32,3784.0
32,32,32,3785.0
32,32,32,3786.0
32,32,32,3787.0
32,32,32,3788.0
32,32,32,3789.0
32,32,32,3790.0
32,32,32,3791.0
32,32,32,3792.0
32,32,32,3793.0
32,32,32,3794.0
32,32,32,3795.0
32,32,32,3796.0
32,32,32,3797.0
32,32,32,3798.0
32,32,32,3799.0
32,32,32,3800.0
32,32,32,3801.0
32,32,32,3802.0
32,32,32,3803.0
32,32,32,3804.0
32,32,32,3805.0
32,32,32,3806.0
32,32,32,3807.0
32,32,32,3808.0
32,32,32,3809.0
32,32,32,3810.0
32,32,32,3811.0
32,32,32,3812.0
32,32,32,3813.0
32,32,32,3814.0
32,32,32,3815.0
32,32,32,3816.0
32,32,32,3817.0
32,32,32,3818.0
32,32,32,3819.0
32,32,32,3820.0
32,32,32,3821.0
32,32,32,3822.0
32,32,32,3823.0
32,32,32,3824.0
32,32,32,3825.0
32,32,32,3826.0
32,32,32,3827.0
32,32,32,3828.0
32,32,32,3829.0
32,32,32,3830.0
32,32,32,3831.0
32,32,32,3832.0
32,32,32,3833.0
32,32,32,3834.0
32,32,32,3835.0
32,32,32,3836.0
32,32,32,3837.0
32,32,32,3838.0
32,32,32,3839.0
32,32,32,3840.0
32,32,32,3841.0
32,32,32,3842.0
32,32,32,3843.0
32,32,32,3844.0
32,32,32,3845.0
32,32,32,3846.0
32,32,32,3847.0
32,32,32,3848.0
32,32,32,3849.0
32,32,32,3850.0
32,32,32,3851.0
32,32,32,3852.0
32,32,32,3853.0
32,32,32,3854.0
32,32,32,3855.0
32,32,32,3856.0
32,32,32,3857.0
32,32,32,3858.0
32,32,32,3859.0
32,32,32,3860.0
32,32,32,3861.0
32,32,32,3862.0
32,32,32,3863.0
32,32,32,3864.0
32,32,32,3865.0
32,32,32,3866.0
32,32,32,3867.0
32,32,32,3868.0
32,32,32,3869.0
32,32,32,3870.0
32,32,32,3871.0
32,32,32,3872.0
33,33,33,3873.0
33,33,33,3874.0
33,33,33,3875.0
33,33,33,3876.0
33,33,33,3877.0
33,33,33,3878.0
33,33,33,3879.0
33,33,33,3880.0
33,33,33,3881.0
33,33,33,3882.0
33,33,33,3883.0
33,33,33,3884.0
33,33,33,3885.0
33,33,33,3886.0
33,33,33,3887.0
33,33,33,3888.0
33,33,33,3889.0
33,33,33,3890.0
33,33,33,3891.0
33,33,33,3892.0
33,33,33,3893.0
33,33,33,3894.0
33,33,33,3895.0
33,33,33,3896.0
33,33,33,3897.0
33,33,33,3898.0
33,33,33,3899.0
33,33,33,3900.0
33,33,33,3901.0
33,33,33,3902.0
33,33,33,3903.0
33,33,33,3904.0
33,33,33,3905.0
33,33,33,3906.0
33,33,33,3907.0
33,33,33,3908.0
33,33,33,3909.0
33,33,33,3910.0
33,33,33,3911.0
33,33,33,3912.0
33,33,33,3913.0
33,33,33,3914.0
33,33,33,3915.0
33,33,33,3916.0
33,33,33,3917.0
33,33,33,3918.0
33,33,33,3919.0
33,33,33,3920.0
33,33,33,3921.0
33,33,33,3922.0
33,33,33,3923.0
33,33,33,3924.0
33,33,33,3925.0
33,33,33,3926.0
33,33,33,3927.0
33,33,33,3928.0
33,33,33,3929.0
33,33,33,3930.0
33,33,33,3931.0
33,33,33,3932.0
33,33,33,3933.0
33,33,33,3934.0
33,33,33,3935.0
33,33,33,3936.0
33,33,33,3937.0
33,33,33,3938.0
33,33,33,3939.0
33,33,33,3940.0
33,33,33,3941.0
33,33,33,3942.0
33,33,33,3943.0
33,33,33,3944.0
33,33,33,3945.0
33,33,33,3946.0
33,33,33,3947.0
33,33,33,3948.0
33,33,33,3949.0
33,33,33,3950.0
33,33,33,3951.0
33,33,33,3952.0
33,33,33,3953.0
33,33,33,3954.0
33,33,33,3955.0
33,33,33,3956.0
33,33,33,3957.0
33,33,33,3958.0
33,33,33,3959.0
33,33,33,3960.0
33,33,33,3961.0
33,33,33,3962.0
33,33,33,3963.0
33,33,33,3964.0
33,33,33,3965.0
33,33,33,3966.0
33,33,33,3967.0
33,33,33,3968.0
33,33,33,3969.0
33,33,33,3970.0
33,33,33,3971.0
33,33,33,3972.0
33,33,33,3973.0
33,33,33,3974.0
33,33,33,3975.0
33,33,33,3976.0
33,33,33,3977.0
33,33,33,3978.0
33,33,33,3979.0
33,33,33,3980.0
33,33,33,3981.0
33,33,33,3982.0
33,33,33,3983.0
33,33,33,3984.0
33,33,33,3985.0
33,33,33,3986.0
33,33,33,3987.0
33,33,33,3988.0
33,33,33,3989.0
33,33,33,3990.0
33,33,33,3991.0
33,33,33,3992.0
33,33,33,3993.0
34,34,34,3994.0
34,34,34,3995.0
34,34,34,3996.0
34,34,34,3997.0
34,34,34,3998.0
34,34,34,3999.0
34,34,34,4000.0
34,34,34,4001.0
34,34,34,4002.0
34,34,34,4003.0
34,34,34,4004.0
34,34,34,4005.0
34,34,34,4006.0
34,34,34,4007.0
34,34,34,4008.0
34,34,34,4009.0
34,34,34,4010.0
34,34,34,4011.0
34,34,34,4012.0
34,34,34,4013.0
34,34,34,4014.0
34,34,34,4015.0
34,34,34,4016.0
34,34,34,4017.0
34,34,34,4018.0
34,34,34,4019.0
34,34,34,4020.0
34,34,34,4021.0
34,34,34,4022.0
34,34,34,4023.0
34,34,34,4024.0
34,34,34,4025.0
34,34,34,4026.0
34,34,34,4027.0
34,34,34,4028.0
34,34,34,4029.0
34,34,34,4030.0
34,34,34,4031.0
34,34,34,4032.0
34,34,34,4033.0
34,34,34,4034.0
34,34,34,4035.0
34,34,34,4036.0
34,34,34,4037.0
34,34,34,4038.0
34,34,34,4039.0
34,34,34,4040.0
34,34,34,4041.0
34,34,34,4042.0
34,34,34,4043.0
34,34,34,4044.0
34,34,34,4045.0
34,34,34,4046.0
34,34,34,4047.0
34,34,34,4048.0
34,34,34,4049.0
34,34,34,4050.0
34,34,34,4051.0
34,34,34,4052.0
34,34,34,4053.0
34,34,34,4054.0
34,34,34,4055.0
34,34,34,4056.0
34,34,34,4057.0
34,34,34,4058.0
34,34,34,4059.0
34,34,34,4060.0
34,34,34,4061.0
34,34,34,4062.0
34,34,34,4063.0
34,34,34,4064.0
34,34,34,4065.0
34,34,34,4066.0
34,34,34,4067.0
34,34,34,4068.0
34,34,34,4069.0
34,34,34,4070.0
34,34,34,4071.0
34,34,34,4072.0
34,34,34,4073.0
34,34,34,4074.0
34,34,34,4075.0
34,34,34,4076.0
34,34,34,4077.0
34,34,34,4078.0
34,34,34,4079.0
34,34,34,4080.0
34,34,34,4081.0
34,34,34,4082.0
34,34,34,4083.0
34,34,34,4084.0
34,34,34,4085.0
34,34,34,4086.0
34,34,34,4087.0
34,34,34,4088.0
34,34,34,4089.0
34,34,34,4090.0
34,34,34,4091.0
34,34,34,4092.0
34,34,34,4093.0
34,34,34,4094.0
34,34,34,4095.0
34,34,34,4096.0
34,34,34,4097.0
34,34,34,4098.0
34,34,34,4099.0
34,34,34,4100.0
34,34,34,4101.0
34,34,34,4102.0
34,34,34,4103.0
34,34,34,4104.0
34,34,34,4105.0
34,34,34,4106.0
34,34,34,4107.0
34,34,34,4108.0
34,34,34,4109.0
34,34,34,4110.0
34,34,34,4111.0
34,34,34,4112.0
34,34,34,4113.0
34,34,34,4114.0
35,35,35,4115.0
35,35,35,4116.0
35,35,35,4117.0
35,35,35,4118.0
35,35,35,4119.0
35,35,35,4120.0
35,35,35,4121.0
35,35,35,4122.0
35,35,35,4123.0
35,35,35,4124.0
35,35,35,4125.0
35,35,35,4126.0
35,35,35,4127.0
35,35,35,4128.0
35,35,35,4129.0
35,35,35,4130.0
35,35,35,4131.0
35,35,35,4132.0
35,35,35,4133.0
35,35,35,4134.0
35,35,35,4135.0
35,35,35,4136.0
35,35,35,4137.0
35,35,35,4138.0
35,35,35,4139.0
35,35,35,4140.0
35,35,35,4141.0
35,35,35,4142.0
35,35,35,4143.0
35,35,35,4144.0
35,35,35,4145.0
35,35,35,4146.0
35,35,35,4147.0
35,35,35,4148.0
35,35,35,4149.0
35,35,35,4150.0
35,35,35,4151.0
35,35,35,4152.0
35,35,35,4153.0
35,35,35,4154.0
35,35,35,4155.0
35,35,35,4156.0
35,35,35,4157.0
35,35,35,4158.0
35,35,35,4159.0
35,35,35,4160.0
35,35,35,4161.0
35,35,35,4162.0
35,35,35,4163.0
35,35,35,4164.0
35,35,35,4165.0
35,35,35,4166.0
35,35,35,4167.0
35,35,35,4168.0
35,35,35,4169.0
35,35,35,4170.0
35,35,35,4171.0
35,35,35,4172.0
35,35,35,4173.0
35,35,35,4174.0
35,35,35,4175.0
35,35,35,4176.0
35,35,35,4177.0
35,35,35,4178.0
