"positiveAndAdmittedToAmber","positiveAndAdmittedToRed","positiveAndAdmittedToGreen","positiveAndDischarged","negativeAndAdmittedToAmber","negativeAndAdmittedToRed","negativeAndAdmittedToGreen","negativeAndDischarged","tick"
0.0,0.0,0.0,0.0,0.0,0.0,0.0,0.0,1.0
0.0,0.0,0.0,2.0,1.0,0.0,0.0,1.0,3601.0
0.0,0.0,0.0,2.0,3.0,0.0,0.0,5.0,7201.0
1.0,4.0,0.0,3.0,3.0,0.0,0.0,8.0,10801.0
2.0,4.0,0.0,4.0,4.0,0.0,0.0,12.0,14401.0
2.0,4.0,0.0,7.0,5.0,0.0,0.0,18.0,18001.0
2.0,4.0,0.0,9.0,6.0,0.0,0.0,21.0,21601.0
3.0,4.0,0.0,11.0,6.0,0.0,0.0,25.0,25201.0
3.0,4.0,0.0,13.0,6.0,0.0,0.0,27.0,28801.0
3.0,5.0,0.0,16.0,7.0,0.0,0.0,31.0,32401.0
5.0,5.0,0.0,20.0,8.0,0.0,0.0,33.0,36001.0
6.0,6.0,0.0,20.0,9.0,0.0,0.0,37.0,39601.0
6.0,6.0,0.0,24.0,10.0,0.0,0.0,40.0,43201.0
7.0,6.0,0.0,26.0,11.0,0.0,0.0,43.0,46801.0
8.0,7.0,0.0,30.0,13.0,0.0,0.0,43.0,50401.0
