"positiveAndAdmittedToAmber","positiveAndAdmittedToRed","positiveAndAdmittedToGreen","positiveAndDischarged","negativeAndAdmittedToAmber","negativeAndAdmittedToRed","negativeAndAdmittedToGreen","negativeAndDischarged","tick"
0.0,0.0,0.0,0.0,0.0,0.0,0.0,0.0,1.0
0.0,0.0,0.0,1.0,1.0,0.0,0.0,1.0,3601.0
1.0,0.0,0.0,7.0,1.0,0.0,0.0,3.0,7201.0
2.0,1.0,0.0,8.0,1.0,0.0,0.0,5.0,10801.0
2.0,2.0,0.0,12.0,3.0,0.0,0.0,7.0,14401.0
2.0,2.0,0.0,14.0,6.0,0.0,0.0,9.0,18001.0
3.0,3.0,0.0,17.0,7.0,0.0,0.0,11.0,21601.0
3.0,4.0,0.0,19.0,7.0,0.0,0.0,16.0,25201.0
3.0,4.0,0.0,21.0,9.0,0.0,0.0,18.0,28801.0
3.0,4.0,0.0,27.0,9.0,0.0,0.0,21.0,32401.0
3.0,4.0,0.0,28.0,12.0,0.0,0.0,24.0,36001.0
4.0,5.0,0.0,31.0,12.0,0.0,0.0,26.0,39601.0
4.0,5.0,0.0,33.0,13.0,0.0,0.0,32.0,43201.0
4.0,5.0,0.0,36.0,13.0,0.0,0.0,37.0,46801.0
4.0,5.0,0.0,38.0,13.0,0.0,0.0,40.0,50401.0
